11 15  0 1  1 2  2 3  3 4  4 1  1 6  6 3  3 0   0 8  8 4  2 8  8 6   9 0  9 2  9 4
11 16  0 1  1 2  2 3  3 4  4 1  1 6  6 7  7 0   0 8  8 4  2 8  8 6  3 7   9 0  9 2  9 4
11 17  0 1  1 2  2 3  3 4  4 5  5 6  6 7  7 0   0 8  8 4  1 5  2 8  8 6  3 7   9 0  9 2  9 4
11 15  0 9  9 2  2 3  3 5  5 6  6 7  7 0   0 8  8 10  10 3  0 5  2 8  8 6  3 7   10 9
11 16  0 9  9 2  2 3  3 4  4 5  5 6  6 7  7 0   0 8  8 10  10 4  0 5  2 8  8 6  3 7   10 9


9 14  0 1  1 2  2 3  3 4  4 5  5 6  6 7  7 0   0 8  8 4  1 5  2 8  8 6  3 7
10 15  0 1  1 2  2 3  3 4  4 5  5 6  6 7  7 0   0 8  8 4  1 5  2 9  9 6  3 7  8 9  

8 12  0 1  1 2  2 3  3 4  4 5  5 6  6 7  7 0   0 4  1 5  2 6  3 7  
