14 21 0 7 0 8 0 9 1 7 1 8 1 10 2 7 2 8 2 12 3 9 3 10 3 11 4 9 4 11 4 13 5 10 5 12 5 13 6 11 6 12 6 13
14 21 0 7 0 8 0 9 1 7 1 8 1 9 2 7 2 9 2 10 3 8 3 10 3 11 4 10 4 12 4 13 5 11 5 12 5 13 6 11 6 12 6 13
14 21 0 7 0 8 0 9 1 7 1 8 1 9 2 7 2 9 2 10 3 8 3 11 3 12 4 10 4 11 4 13 5 10 5 12 5 13 6 11 6 12 6 13
14 21 0 7 0 8 0 9 1 7 1 8 1 9 2 7 2 10 2 11 3 8 3 11 3 12 4 9 4 11 4 13 5 10 5 12 5 13 6 10 6 12 6 13
14 21 0 7 0 8 0 9 1 7 1 8 1 9 2 7 2 10 2 11 3 8 3 12 3 13 4 9 4 12 4 13 5 10 5 11 5 12 6 10 6 11 6 13
14 21 0 7 0 8 0 9 1 7 1 8 1 10 2 7 2 9 2 11 3 8 3 10 3 12 4 9 4 11 4 13 5 10 5 12 5 13 6 11 6 12 6 13
14 21 0 7 0 8 0 9 1 7 1 8 1 10 2 7 2 10 2 11 3 8 3 10 3 12 4 9 4 11 4 13 5 9 5 12 5 13 6 11 6 12 6 13
14 21 0 7 0 8 0 9 1 7 1 8 1 10 2 7 2 10 2 11 3 8 3 11 3 13 4 9 4 11 4 12 5 9 5 12 5 13 6 10 6 12 6 13
14 21 0 7 0 8 0 9 1 7 1 8 1 10 2 7 2 10 2 11 3 8 3 12 3 13 4 9 4 11 4 12 5 9 5 11 5 13 6 10 6 12 6 13
14 21 0 7 0 8 0 9 1 7 1 8 1 10 2 7 2 10 2 11 3 8 3 12 3 13 4 9 4 11 4 13 5 9 5 12 5 13 6 10 6 11 6 12
14 21 0 7 0 8 0 9 1 7 1 8 1 10 2 7 2 11 2 12 3 8 3 11 3 13 4 9 4 10 4 11 5 9 5 12 5 13 6 10 6 12 6 13
14 21 0 7 0 8 0 9 1 7 1 8 1 10 2 7 2 11 2 13 3 8 3 12 3 13 4 9 4 10 4 11 5 9 5 11 5 12 6 10 6 12 6 13
14 21 0 7 0 8 0 9 1 7 1 10 1 13 2 7 2 11 2 12 3 8 3 10 3 12 4 8 4 11 4 13 5 9 5 10 5 11 6 9 6 12 6 13
14 21 0 6 0 7 0 8 1 7 1 8 1 9 2 8 2 9 2 10 3 9 3 10 3 11 4 10 4 11 4 12 5 11 5 12 5 13 6 12 6 13 7 13
14 21 0 6 0 7 0 11 1 7 1 8 1 9 2 8 2 9 2 10 3 8 3 11 3 12 4 9 4 12 4 13 5 11 5 12 5 13 6 10 6 13 7 10
14 21 0 6 0 7 0 10 1 7 1 8 1 9 2 8 2 10 2 11 3 8 3 12 3 13 4 9 4 11 4 12 5 10 5 12 5 13 6 9 6 11 7 13
14 21 0 6 0 8 0 9 1 7 1 8 1 9 2 7 2 9 2 10 3 8 3 10 3 11 4 10 4 12 4 13 5 11 5 12 5 13 6 11 6 12 7 13
14 21 0 6 0 8 0 9 1 7 1 8 1 9 2 7 2 9 2 10 3 8 3 11 3 12 4 10 4 12 4 13 5 11 5 12 5 13 6 10 6 11 7 13
14 21 0 6 0 8 0 9 1 7 1 8 1 10 2 7 2 9 2 10 3 8 3 9 3 11 4 10 4 11 4 12 5 11 5 12 5 13 6 12 6 13 7 13
14 21 0 6 0 8 0 9 1 7 1 8 1 12 2 7 2 9 2 11 3 8 3 10 3 11 4 9 4 10 4 13 5 11 5 12 5 13 6 12 6 13 7 10
14 21 0 6 0 8 0 10 1 7 1 8 1 9 2 7 2 10 2 11 3 8 3 10 3 12 4 9 4 12 4 13 5 11 5 12 5 13 6 9 6 11 7 13
14 21 0 6 0 8 0 10 1 7 1 8 1 9 2 7 2 11 2 12 3 8 3 12 3 13 4 9 4 10 4 11 5 10 5 12 5 13 6 9 6 11 7 13
14 21 0 6 0 8 0 10 1 7 1 8 1 9 2 7 2 12 2 13 3 8 3 11 3 12 4 9 4 10 4 12 5 10 5 11 5 13 6 9 6 13 7 11
14 21 0 6 0 9 0 13 1 7 1 8 1 9 2 7 2 8 2 9 3 8 3 10 3 11 4 10 4 12 4 13 5 11 5 12 5 13 6 10 6 11 7 12
14 21 0 6 0 9 0 13 1 7 1 8 1 9 2 7 2 8 2 9 3 8 3 10 3 11 4 10 4 12 4 13 5 11 5 12 5 13 6 11 6 12 7 10
14 21 0 6 0 9 0 13 1 7 1 8 1 9 2 7 2 8 2 9 3 8 3 10 3 12 4 11 4 12 4 13 5 11 5 12 5 13 6 10 6 11 7 10
14 21 0 6 0 9 0 13 1 7 1 8 1 9 2 7 2 8 2 9 3 8 3 11 3 12 4 10 4 12 4 13 5 11 5 12 5 13 6 10 6 11 7 10
14 21 0 6 0 9 0 13 1 7 1 8 1 9 2 7 2 8 2 9 3 8 3 12 3 13 4 10 4 11 4 12 5 11 5 12 5 13 6 10 6 11 7 10
14 21 0 6 0 9 0 11 1 7 1 8 1 9 2 7 2 8 2 10 3 8 3 9 3 10 4 11 4 12 4 13 5 11 5 12 5 13 6 10 6 13 7 12
14 21 0 6 0 10 0 11 1 7 1 8 1 9 2 7 2 8 2 9 3 8 3 9 3 10 4 10 4 11 4 12 5 11 5 12 5 13 6 12 6 13 7 13
14 21 0 6 0 10 0 11 1 7 1 8 1 9 2 7 2 8 2 9 3 8 3 10 3 13 4 9 4 11 4 12 5 11 5 12 5 13 6 12 6 13 7 10
14 21 0 6 0 10 0 11 1 7 1 8 1 9 2 7 2 8 2 9 3 8 3 11 3 12 4 9 4 11 4 13 5 10 5 12 5 13 6 12 6 13 7 10
14 21 0 6 0 10 0 11 1 7 1 8 1 9 2 7 2 8 2 9 3 8 3 11 3 12 4 9 4 12 4 13 5 10 5 11 5 13 6 12 6 13 7 10
14 21 0 6 0 8 0 9 1 7 1 9 1 10 2 7 2 9 2 11 3 8 3 10 3 11 4 8 4 12 4 13 5 10 5 12 5 13 6 11 6 13 7 12
14 21 0 6 0 8 0 9 1 7 1 9 1 10 2 7 2 10 2 11 3 8 3 9 3 10 4 8 4 11 4 13 5 11 5 12 5 13 6 12 6 13 7 12
14 21 0 6 0 8 0 9 1 7 1 9 1 10 2 7 2 10 2 11 3 8 3 9 3 10 4 8 4 12 4 13 5 11 5 12 5 13 6 11 6 13 7 12
14 21 0 6 0 8 0 9 1 7 1 9 1 11 2 7 2 12 2 13 3 8 3 9 3 13 4 8 4 10 4 11 5 10 5 12 5 13 6 11 6 12 7 10
14 21 0 6 0 8 0 9 1 7 1 9 1 11 2 7 2 12 2 13 3 8 3 10 3 11 4 8 4 10 4 13 5 9 5 11 5 12 6 12 6 13 7 10
14 21 0 6 0 8 0 9 1 7 1 9 1 11 2 7 2 11 2 12 3 8 3 10 3 11 4 8 4 12 4 13 5 9 5 10 5 13 6 12 6 13 7 10
14 21 0 6 0 8 0 9 1 7 1 9 1 11 2 7 2 12 2 13 3 8 3 10 3 11 4 8 4 11 4 12 5 9 5 10 5 13 6 12 6 13 7 10
14 21 0 6 0 8 0 9 1 7 1 9 1 11 2 7 2 12 2 13 3 8 3 10 3 11 4 8 4 12 4 13 5 9 5 10 5 13 6 11 6 12 7 10
14 21 0 6 0 8 0 9 1 7 1 10 1 11 2 7 2 11 2 12 3 8 3 9 3 10 4 8 4 12 4 13 5 9 5 12 5 13 6 10 6 11 7 13
14 21 0 6 0 9 0 10 1 7 1 8 1 9 2 7 2 10 2 11 3 8 3 9 3 11 4 8 4 10 4 12 5 11 5 12 5 13 6 12 6 13 7 13
14 21 0 6 0 10 0 13 1 7 1 8 1 9 2 7 2 9 2 11 3 8 3 9 3 10 4 8 4 12 4 13 5 11 5 12 5 13 6 11 6 12 7 10
14 21 0 6 0 9 0 10 1 7 1 8 1 9 2 7 2 10 2 12 3 8 3 10 3 13 4 8 4 11 4 12 5 9 5 12 5 13 6 11 6 13 7 11
14 21 0 6 0 9 0 10 1 7 1 8 1 9 2 7 2 11 2 13 3 8 3 10 3 11 4 8 4 10 4 11 5 9 5 12 5 13 6 12 6 13 7 12
14 21 0 6 0 10 0 11 1 7 1 8 1 9 2 7 2 11 2 12 3 8 3 9 3 10 4 8 4 10 4 11 5 9 5 12 5 13 6 12 6 13 7 13
14 21 0 6 0 8 0 9 1 7 1 9 1 10 2 7 2 9 2 10 3 8 3 10 3 13 4 11 4 12 4 13 5 11 5 12 5 13 6 11 6 12 7 8
14 21 0 6 0 8 0 9 1 7 1 9 1 10 2 7 2 9 2 13 3 8 3 10 3 11 4 10 4 11 4 12 5 11 5 12 5 13 6 12 6 13 7 8
14 21 0 6 0 8 0 9 1 7 1 9 1 10 2 7 2 10 2 13 3 8 3 9 3 11 4 10 4 12 4 13 5 11 5 12 5 13 6 11 6 12 7 8
14 21 0 6 0 8 0 9 1 7 1 9 1 10 2 7 2 12 2 13 3 8 3 9 3 10 4 10 4 11 4 12 5 11 5 12 5 13 6 11 6 13 7 8
14 21 0 6 0 8 0 9 1 7 1 9 1 10 2 7 2 12 2 13 3 8 3 9 3 11 4 10 4 11 4 13 5 10 5 12 5 13 6 11 6 12 7 8
14 21 0 6 0 8 0 9 1 7 1 9 1 10 2 7 2 11 2 12 3 8 3 9 3 10 4 11 4 12 4 13 5 11 5 12 5 13 6 10 6 13 7 8
14 21 0 6 0 8 0 9 1 7 1 9 1 10 2 7 2 11 2 13 3 8 3 9 3 12 4 10 4 12 4 13 5 11 5 12 5 13 6 10 6 11 7 8
14 21 0 6 0 8 0 9 1 7 1 9 1 10 2 7 2 10 2 12 3 8 3 10 3 11 4 9 4 11 4 13 5 11 5 12 5 13 6 12 6 13 7 8
14 21 0 6 0 8 0 9 1 7 1 9 1 10 2 7 2 10 2 12 3 8 3 11 3 13 4 9 4 10 4 11 5 11 5 12 5 13 6 12 6 13 7 8
14 21 0 6 0 8 0 9 1 7 1 9 1 10 2 7 2 10 2 11 3 8 3 12 3 13 4 9 4 11 4 13 5 10 5 12 5 13 6 11 6 12 7 8
14 21 0 6 0 8 0 9 1 7 1 9 1 10 2 7 2 11 2 12 3 8 3 10 3 11 4 9 4 11 4 13 5 10 5 12 5 13 6 12 6 13 7 8
14 21 0 6 0 8 0 9 1 7 1 9 1 10 2 7 2 11 2 13 3 8 3 10 3 11 4 9 4 12 4 13 5 10 5 11 5 12 6 12 6 13 7 8
14 21 0 6 0 8 0 9 1 7 1 9 1 10 2 7 2 12 2 13 3 8 3 10 3 11 4 9 4 11 4 13 5 10 5 11 5 12 6 12 6 13 7 8
14 21 0 6 0 8 0 9 1 7 1 9 1 10 2 7 2 11 2 12 3 8 3 10 3 11 4 9 4 12 4 13 5 10 5 12 5 13 6 11 6 13 7 8
14 21 0 6 0 8 0 9 1 7 1 9 1 10 2 7 2 12 2 13 3 8 3 10 3 11 4 9 4 11 4 12 5 10 5 12 5 13 6 11 6 13 7 8
14 21 0 6 0 8 0 9 1 7 1 9 1 10 2 7 2 12 2 13 3 8 3 10 3 11 4 9 4 12 4 13 5 10 5 11 5 12 6 11 6 13 7 8
14 21 0 6 0 8 0 9 1 7 1 9 1 10 2 7 2 11 2 12 3 8 3 10 3 11 4 9 4 12 4 13 5 11 5 12 5 13 6 10 6 13 7 8
14 21 0 6 0 8 0 9 1 7 1 9 1 10 2 7 2 12 2 13 3 8 3 10 3 11 4 9 4 11 4 13 5 11 5 12 5 13 6 10 6 12 7 8
14 21 0 6 0 8 0 9 1 7 1 10 1 11 2 7 2 10 2 11 3 8 3 9 3 10 4 9 4 12 4 13 5 11 5 12 5 13 6 12 6 13 7 8
14 21 0 6 0 8 0 9 1 7 1 10 1 11 2 7 2 12 2 13 3 8 3 9 3 10 4 9 4 10 4 12 5 11 5 12 5 13 6 11 6 13 7 8
14 21 0 6 0 8 0 9 1 7 1 10 1 11 2 7 2 11 2 12 3 8 3 9 3 10 4 9 4 11 4 13 5 10 5 12 5 13 6 12 6 13 7 8
14 21 0 6 0 8 0 9 1 7 1 10 1 11 2 7 2 12 2 13 3 8 3 9 3 10 4 9 4 11 4 13 5 10 5 11 5 12 6 12 6 13 7 8
14 21 0 6 0 8 0 9 1 7 1 10 1 11 2 7 2 11 2 12 3 8 3 9 3 13 4 9 4 10 4 11 5 10 5 12 5 13 6 12 6 13 7 8
14 21 0 6 0 8 0 9 1 7 1 11 1 13 2 7 2 12 2 13 3 8 3 9 3 10 4 9 4 10 4 11 5 10 5 11 5 12 6 12 6 13 7 8
14 21 0 6 0 8 0 13 1 7 1 9 1 10 2 7 2 12 2 13 3 8 3 9 3 10 4 9 4 11 4 12 5 11 5 12 5 13 6 10 6 11 7 8
14 21 0 6 0 8 0 9 1 7 1 10 1 11 2 7 2 12 2 13 3 8 3 10 3 12 4 9 4 10 4 11 5 9 5 12 5 13 6 11 6 13 7 8
14 21 0 6 0 9 0 11 1 7 1 9 1 10 2 7 2 11 2 13 3 8 3 9 3 10 4 8 4 12 4 13 5 11 5 12 5 13 6 10 6 12 7 8
14 21 0 6 0 10 0 11 1 7 1 9 1 10 2 7 2 9 2 12 3 8 3 9 3 10 4 8 4 11 4 13 5 11 5 12 5 13 6 12 6 13 7 8
14 21 0 6 0 7 0 10 1 6 1 12 1 13 2 7 2 9 2 10 3 8 3 10 3 11 4 8 4 11 4 12 5 9 5 12 5 13 6 9 7 11 8 13
14 21 0 5 0 8 0 11 1 6 1 8 1 10 2 7 2 8 2 9 3 10 3 11 3 12 4 11 4 12 4 13 5 9 5 10 6 9 6 13 7 12 7 13
14 21 0 5 0 8 0 11 1 6 1 8 1 10 2 7 2 8 2 9 3 11 3 12 3 13 4 11 4 12 4 13 5 9 5 10 6 9 6 12 7 10 7 13
14 21 0 5 0 8 0 9 1 6 1 8 1 9 2 7 2 9 2 10 3 8 3 10 3 11 4 10 4 12 4 13 5 11 5 12 6 11 6 13 7 12 7 13
14 21 0 5 0 8 0 9 1 6 1 8 1 9 2 7 2 9 2 10 3 8 3 10 3 11 4 10 4 11 4 12 5 12 5 13 6 12 6 13 7 11 7 13
14 21 0 5 0 8 0 9 1 6 1 8 1 9 2 7 2 9 2 10 3 8 3 10 3 11 4 11 4 12 4 13 5 10 5 13 6 11 6 12 7 12 7 13
14 21 0 5 0 8 0 9 1 6 1 8 1 9 2 7 2 9 2 10 3 8 3 11 3 12 4 10 4 12 4 13 5 10 5 11 6 11 6 13 7 12 7 13
14 21 0 5 0 8 0 9 1 6 1 8 1 9 2 7 2 9 2 10 3 8 3 11 3 12 4 11 4 12 4 13 5 10 5 11 6 10 6 13 7 12 7 13
14 21 0 5 0 8 0 9 1 6 1 8 1 9 2 7 2 9 2 12 3 8 3 10 3 11 4 11 4 12 4 13 5 10 5 13 6 12 6 13 7 10 7 11
14 21 0 5 0 8 0 9 1 6 1 8 1 11 2 7 2 9 2 10 3 8 3 9 3 10 4 11 4 12 4 13 5 11 5 12 6 10 6 13 7 12 7 13
14 21 0 5 0 8 0 9 1 6 1 8 1 12 2 7 2 9 2 10 3 8 3 9 3 11 4 11 4 12 4 13 5 10 5 13 6 10 6 11 7 12 7 13
14 21 0 5 0 8 0 9 1 6 1 8 1 9 2 7 2 10 2 12 3 8 3 10 3 11 4 9 4 10 4 11 5 12 5 13 6 12 6 13 7 11 7 13
14 21 0 5 0 8 0 9 1 6 1 8 1 11 2 7 2 9 2 10 3 8 3 12 3 13 4 9 4 11 4 12 5 10 5 13 6 10 6 12 7 11 7 13
14 21 0 5 0 8 0 9 1 6 1 8 1 11 2 7 2 9 2 10 3 8 3 12 3 13 4 9 4 12 4 13 5 10 5 11 6 10 6 12 7 11 7 13
14 21 0 5 0 8 0 10 1 6 1 8 1 9 2 7 2 9 2 10 3 8 3 11 3 12 4 10 4 11 4 13 5 9 5 11 6 12 6 13 7 12 7 13
14 21 0 5 0 8 0 10 1 6 1 8 1 9 2 7 2 9 2 10 3 8 3 11 3 12 4 10 4 12 4 13 5 9 5 11 6 11 6 13 7 12 7 13
14 21 0 5 0 8 0 10 1 6 1 8 1 9 2 7 2 10 2 11 3 8 3 10 3 12 4 9 4 11 4 13 5 9 5 11 6 12 6 13 7 12 7 13
14 21 0 5 0 8 0 10 1 6 1 8 1 9 2 7 2 10 2 11 3 8 3 10 3 12 4 9 4 12 4 13 5 9 5 11 6 11 6 13 7 12 7 13
14 21 0 5 0 8 0 10 1 6 1 8 1 9 2 7 2 10 2 11 3 8 3 12 3 13 4 9 4 10 4 13 5 9 5 11 6 11 6 12 7 12 7 13
14 21 0 5 0 8 0 9 1 6 1 9 1 10 2 7 2 9 2 11 3 8 3 10 3 12 4 8 4 11 4 13 5 10 5 13 6 11 6 12 7 12 7 13
14 21 0 5 0 8 0 9 1 6 1 9 1 10 2 7 2 9 2 13 3 8 3 10 3 11 4 8 4 12 4 13 5 10 5 11 6 12 6 13 7 11 7 12
14 21 0 5 0 8 0 9 1 6 1 9 1 11 2 7 2 9 2 10 3 8 3 10 3 11 4 8 4 12 4 13 5 11 5 12 6 10 6 13 7 12 7 13
14 21 0 5 0 8 0 9 1 6 1 9 1 11 2 7 2 9 2 10 3 8 3 10 3 11 4 8 4 12 4 13 5 12 5 13 6 10 6 12 7 11 7 13
14 21 0 5 0 8 0 9 1 6 1 9 1 10 2 7 2 10 2 11 3 8 3 9 3 10 4 8 4 11 4 12 5 11 5 13 6 12 6 13 7 12 7 13
14 21 0 5 0 8 0 9 1 6 1 9 1 10 2 7 2 10 2 13 3 8 3 9 3 11 4 8 4 10 4 11 5 12 5 13 6 12 6 13 7 11 7 12
14 21 0 5 0 8 0 9 1 6 1 9 1 10 2 7 2 10 2 12 3 8 3 9 3 11 4 8 4 12 4 13 5 10 5 11 6 12 6 13 7 11 7 13
14 21 0 5 0 8 0 9 1 6 1 10 1 12 2 7 2 10 2 11 3 8 3 9 3 10 4 8 4 9 4 11 5 12 5 13 6 11 6 13 7 12 7 13
14 21 0 5 0 7 0 9 1 6 1 9 1 10 2 7 2 8 2 12 3 8 3 10 3 13 4 9 4 11 4 12 5 11 5 13 6 12 6 13 7 10 8 11
14 21 0 5 0 7 0 9 1 6 1 9 1 10 2 7 2 9 2 11 3 8 3 10 3 11 4 8 4 11 4 12 5 12 5 13 6 12 6 13 7 10 8 13
14 21 0 5 0 7 0 9 1 6 1 9 1 10 2 7 2 11 2 13 3 8 3 9 3 11 4 8 4 10 4 12 5 12 5 13 6 11 6 12 7 10 8 13
14 21 0 5 0 9 0 10 1 6 1 9 1 12 2 7 2 8 2 9 3 7 3 12 3 13 4 8 4 10 4 11 5 11 5 12 6 11 6 13 7 10 8 13
14 21 0 5 0 9 0 10 1 6 1 10 1 12 2 7 2 8 2 9 3 7 3 9 3 11 4 8 4 12 4 13 5 12 5 13 6 11 6 13 7 10 8 11
14 21 0 5 0 9 0 10 1 6 1 10 1 12 2 7 2 8 2 9 3 7 3 9 3 11 4 8 4 12 4 13 5 11 5 12 6 11 6 13 7 13 8 10
14 21 0 5 0 9 0 13 1 6 1 10 1 12 2 7 2 8 2 11 3 7 3 12 3 13 4 8 4 9 4 10 5 10 5 11 6 11 6 13 7 9 8 12 
