12 18 0 6 0 7 0 8 1 6 1 7 1 8 2 6 2 8 2 11 3 7 3 9 3 10 4 9 4 10 4 11 5 9 5 10 5 11
12 18 0 6 0 7 0 8 1 6 1 7 1 8 2 6 2 9 2 10 3 7 3 9 3 11 4 8 4 10 4 11 5 9 5 10 5 11
12 18 0 6 0 7 0 8 1 6 1 7 1 9 2 6 2 8 2 10 3 7 3 9 3 11 4 8 4 10 4 11 5 9 5 10 5 11
12 18 0 6 0 7 0 8 1 6 1 7 1 9 2 6 2 9 2 10 3 7 3 10 3 11 4 8 4 9 4 11 5 8 5 10 5 11
12 18 0 6 0 7 0 8 1 6 1 7 1 9 2 6 2 10 2 11 3 7 3 10 3 11 4 8 4 9 4 10 5 8 5 9 5 11
12 18 0 5 0 6 0 7 1 6 1 7 1 8 2 7 2 8 2 9 3 8 3 9 3 10 4 9 4 10 4 11 5 10 5 11 6 11
12 18 0 5 0 6 0 10 1 6 1 7 1 8 2 7 2 8 2 9 3 7 3 10 3 11 4 8 4 10 4 11 5 9 5 11 6 9
12 18 0 5 0 7 0 9 1 6 1 7 1 8 2 6 2 7 2 8 3 9 3 10 3 11 4 9 4 10 4 11 5 8 5 11 6 10
12 18 0 5 0 7 0 8 1 6 1 7 1 8 2 6 2 8 2 9 3 7 3 10 3 11 4 9 4 10 4 11 5 9 5 11 6 10
12 18 0 5 0 7 0 8 1 6 1 7 1 11 2 6 2 8 2 10 3 7 3 9 3 10 4 8 4 9 4 11 5 10 5 11 6 9
12 18 0 5 0 8 0 9 1 6 1 7 1 8 2 6 2 7 2 8 3 7 3 9 3 11 4 9 4 10 4 11 5 10 5 11 6 10
12 18 0 5 0 7 0 8 1 6 1 8 1 9 2 6 2 9 2 11 3 7 3 8 3 10 4 9 4 10 4 11 5 10 5 11 6 7
12 18 0 5 0 7 0 8 1 6 1 8 1 9 2 6 2 10 2 11 3 7 3 8 3 10 4 9 4 10 4 11 5 9 5 11 6 7
12 18 0 5 0 7 0 8 1 6 1 8 1 9 2 6 2 10 2 11 3 7 3 9 3 10 4 8 4 10 4 11 5 9 5 11 6 7
12 18 0 5 0 7 0 8 1 6 1 9 1 11 2 6 2 10 2 11 3 7 3 8 3 9 4 8 4 9 4 10 5 10 5 11 6 7
12 18 0 5 0 7 0 11 1 6 1 8 1 9 2 6 2 10 2 11 3 7 3 8 3 9 4 8 4 10 4 11 5 9 5 10 6 7
12 18 0 5 0 8 0 10 1 6 1 8 1 9 2 6 2 10 2 11 3 7 3 8 3 9 4 7 4 10 4 11 5 9 5 11 6 7
12 18 0 4 0 7 0 9 1 5 1 7 1 8 2 6 2 7 2 8 3 9 3 10 3 11 4 8 4 10 5 9 5 11 6 10 6 11
12 18 0 4 0 7 0 8 1 5 1 7 1 8 2 6 2 8 2 9 3 7 3 9 3 10 4 9 4 11 5 10 5 11 6 10 6 11
12 18 0 4 0 7 0 8 1 5 1 7 1 8 2 6 2 8 2 9 3 7 3 10 3 11 4 9 4 10 5 9 5 11 6 10 6 11
12 18 0 4 0 7 0 9 1 5 1 7 1 8 2 6 2 8 2 9 3 7 3 10 3 11 4 8 4 10 5 9 5 11 6 10 6 11
12 18 0 4 0 7 0 10 1 5 1 7 1 8 2 6 2 8 2 11 3 7 3 9 3 11 4 8 4 9 5 10 5 11 6 9 6 10 
