11 27  0 1  0 2  0 3  0 10  1 2  1 3  1 10  2 3  2 10  3 10  4 5  4 8  4 9  4 10  5 8  5 9  5 10  6 7  6 8  6 9  6 10  7 8  7 9  7 10  8 9  8 10  9 10
11 27  0 1  0 2  0 3  0 10  1 2  1 3  1 10  2 3  2 10  3 10  4 7  4 8  4 9  4 10  5 6  5 7  5 8  5 9  6 7  6 8  6 9  7 8  7 9  7 10  8 9  8 10  9 10
11 28  0 1  0 2  0 3  0 10  1 2  1 3  1 10  2 3  2 10  3 10  4 5  4 6  4 7  4 8  4 10  5 6  5 7  5 9  5 10  6 8  6 9  6 10  7 8  7 9  7 10  8 9  8 10  9 10
11 28  0 1  0 2  0 3  0 10  1 2  1 3  1 10  2 3  2 10  3 10  4 5  4 6  4 8  4 9  4 10  5 7  5 8  5 9  5 10  6 7  6 8  6 9  6 10  7 8  7 9  7 10  8 9  9 10
12 25  0 8  0 9  0 10  1 2  1 3  1 4  1 11  2 3  2 4  2 11  3 4  3 11  4 11  5 8  5 9  5 10  5 11  6 8  6 9  6 10  6 11  7 8  7 9  7 10  7 11
12 25  0 8  0 9  0 10  1 8  1 9  1 10  2 8  2 9  2 10  3 8  3 9  3 10  4 5  4 6  4 7  4 11  5 6  5 7  5 11  6 7  6 11  7 11  8 11  9 11  10 11
12 25  0 9  0 10  0 11  1 2  1 3  1 4  2 9  2 10  2 11  3 9  3 10  3 11  4 9  4 10  4 11  5 6  5 7  5 8  5 11  6 7  6 8  6 11  7 8  7 11  8 11
12 25  0 9  0 10  0 11  1 9  1 10  1 11  2 9  2 10  2 11  3 9  3 10  3 11  4 9  4 10  4 11  5 6  5 7  5 8  5 11  6 7  6 8  6 11  7 8  7 11  8 11
12 26  0 1  0 10  0 11  1 8  1 9  2 3  2 4  2 5  2 11  3 4  3 5  3 11  4 5  4 11  5 11  6 7  6 8  6 9  6 10  7 8  7 9  7 10  8 10  8 11  9 10  9 11
12 26  0 1  0 2  0 11  1 9  1 10  2 9  2 10  3 4  3 5  3 6  3 11  4 5  4 6  4 11  5 6  5 11  6 11  7 8  7 9  7 10  7 11  8 9  8 10  8 11  9 11  10 11
12 26  0 1  0 2  0 3  0 11  1 2  1 3  1 11  2 3  2 11  3 11  4 5  4 6  4 8  4 11  5 6  5 9  5 11  6 10  6 11  7 8  7 9  7 10  7 11  8 9  8 10  9 10
12 26  0 2  0 10  0 11  1 2  1 10  1 11  2 9  3 4  3 9  3 10  3 11  4 9  4 10  4 11  5 6  5 7  5 8  5 11  6 7  6 8  6 11  7 8  7 11  8 11  9 10  9 11
12 26  0 2  0 9  0 10  1 2  1 9  1 10  2 8  3 8  3 9  3 10  3 11  4 5  4 6  4 7  4 11  5 6  5 7  5 11  6 7  6 11  7 11  8 9  8 10  8 11  9 11  10 11
12 26  0 3  0 4  0 11  1 3  1 4  1 11  2 3  2 4  2 11  5 6  5 9  5 10  5 11  6 9  6 10  6 11  7 8  7 9  7 10  7 11  8 9  8 10  8 11  9 10  9 11  10 11
12 26  0 3  0 4  0 11  1 3  1 4  1 11  2 3  2 4  2 11  5 8  5 9  5 10  5 11  6 7  6 8  6 9  6 10  7 8  7 9  7 10  8 9  8 10  8 11  9 10  9 11  10 11
12 26  0 9  0 10  0 11  1 9  1 10  1 11  2 3  2 4  2 5  2 11  3 4  3 5  3 11  4 5  4 11  5 11  6 7  6 8  6 9  6 10  7 8  7 9  7 10  8 9  8 10  8 11
12 27  0 1  0 9  0 10  0 11  1 9  1 10  1 11  2 3  2 4  2 9  2 11  3 4  3 10  3 11  4 10  4 11  5 6  5 7  5 8  5 11  6 7  6 8  6 11  7 8  7 11  8 11  9 10
12 27  0 3  0 4  0 11  1 3  1 4  1 11  2 3  2 4  2 11  5 6  5 7  5 8  5 9  5 11  6 7  6 8  6 10  6 11  7 9  7 10  7 11  8 9  8 10  8 11  9 10  9 11  10 11
12 27  0 3  0 4  0 11  1 3  1 4  1 11  2 3  2 4  2 11  5 6  5 7  5 9  5 10  5 11  6 8  6 9  6 10  6 11  7 8  7 9  7 10  7 11  8 9  8 10  8 11  9 10  10 11
12 27  0 5  0 9  0 10  0 11  1 2  1 3  1 4  1 11  2 3  2 4  2 11  3 4  3 11  4 11  5 6  5 9  5 11  6 7  6 8  6 10  7 8  7 9  7 10  8 9  8 10  9 11  10 11
12 27  0 7  0 8  0 10  0 11  1 2  1 9  1 10  1 11  2 9  2 10  2 11  3 4  3 5  3 6  3 11  4 5  4 6  4 11  5 6  5 11  6 11  7 8  7 9  7 10  8 9  8 10  9 11
12 28  0 1  0 2  0 10  0 11  1 2  1 10  1 11  2 10  2 11  3 4  3 5  3 10  3 11  4 5  4 10  4 11  5 10  5 11  6 7  6 8  6 9  6 11  7 8  7 9  7 11  8 9  8 11  9 11
12 28  0 1  0 2  0 3  0 11  1 2  1 3  1 11  2 3  2 11  3 11  4 5  4 9  4 10  4 11  5 9  5 10  5 11  6 7  6 8  6 9  6 10  7 8  7 9  7 10  8 9  8 10  9 11  10 11
12 28  0 1  0 2  0 3  0 11  1 2  1 3  1 11  2 3  2 11  3 11  4 7  4 8  4 10  4 11  5 7  5 9  5 10  5 11  6 8  6 9  6 10  6 11  7 8  7 9  7 10  8 9  8 10  9 10
12 28  0 1  0 2  0 3  1 8  1 9  1 11  2 8  2 10  2 11  3 9  3 10  3 11  4 5  4 6  4 7  4 11  5 6  5 7  5 11  6 7  6 11  7 11  8 9  8 10  8 11  9 10  9 11  10 11
12 28  0 5  0 6  0 11  1 2  1 3  1 4  1 11  2 3  2 4  2 11  3 4  3 11  4 11  5 7  5 9  5 10  6 8  6 9  6 10  7 8  7 9  7 10  7 11  8 9  8 10  8 11  9 10  10 11
12 28  0 5  0 6  0 7  1 2  1 3  1 4  1 11  2 3  2 4  2 11  3 4  3 11  4 11  5 8  5 10  5 11  6 9  6 10  6 11  7 8  7 9  7 10  8 9  8 10  8 11  9 10  9 11  10 11
13 24  0 10  0 11  0 12  1 10  1 11  1 12  2 10  2 11  2 12  3 10  3 11  3 12  4 10  4 11  4 12  5 8  5 9  5 12  6 8  6 9  6 12  7 8  7 9  7 12
13 24  0 10  0 11  0 12  1 4  1 5  1 12  2 4  2 5  2 12  3 4  3 5  3 12  6 7  6 8  6 9  7 10  7 11  7 12  8 10  8 11  8 12  9 10  9 11  9 12
13 24  0 3  0 4  0 12  1 3  1 4  1 12  2 3  2 4  2 12  5 9  5 10  5 11  6 9  6 10  6 11  6 12  7 9  7 10  7 11  7 12  8 9  8 10  8 11  8 12
13 24  0 7  0 8  0 12  1 7  1 8  1 12  2 7  2 8  2 12  3 9  3 10  3 11  4 9  4 10  4 11  5 9  5 10  5 11  6 9  6 10  6 11  9 12  10 12  11 12
13 25  0 10  0 11  0 12  1 10  1 11  1 12  2 4  2 9  2 11  3 4  3 9  3 11  4 10  5 6  5 7  5 8  5 12  6 7  6 8  6 12  7 8  7 12  8 12  9 10  9 12
13 25  0 10  0 11  0 12  1 10  1 11  1 12  2 5  2 6  2 12  3 5  3 6  3 12  4 5  4 6  4 12  7 8  7 9  7 10  7 11  8 9  8 10  8 11  9 10  9 11  9 12
13 25  0 3  0 11  0 12  1 4  1 10  1 11  2 4  2 10  2 11  3 5  3 10  4 5  5 11  5 12  6 7  6 8  6 9  6 12  7 8  7 9  7 12  8 9  8 12  9 12  10 12
13 25  0 3  0 4  0 12  1 3  1 4  1 12  2 3  2 4  2 12  5 6  5 7  5 9  5 12  6 7  6 10  6 12  7 11  7 12  8 9  8 10  8 11  8 12  9 10  9 11  10 11
13 25  0 4  0 10  0 12  1 5  1 11  1 12  2 5  2 11  2 12  3 4  3 10  3 12  4 11  5 10  6 7  6 8  6 9  6 12  7 8  7 9  7 12  8 9  8 12  9 12  10 11
13 25  0 4  0 11  0 12  1 5  1 6  1 12  2 5  2 6  2 12  3 5  3 6  3 12  4 9  4 10  7 8  7 9  7 10  7 11  8 9  8 10  8 11  9 11  9 12  10 11  10 12
13 25  0 4  0 5  0 12  1 4  1 5  1 12  2 4  2 5  2 12  3 6  3 7  3 12  6 10  6 11  7 10  7 11  8 9  8 10  8 11  8 12  9 10  9 11  9 12  10 12  11 12
13 25  0 5  0 11  0 12  1 5  1 11  1 12  2 3  2 4  2 12  3 6  3 11  4 6  4 11  5 6  6 12  7 8  7 9  7 10  7 12  8 9  8 10  8 12  9 10  9 12  10 12
13 25  0 6  0 7  0 12  1 6  1 7  1 12  2 6  2 7  2 12  3 4  3 5  3 11  4 9  4 10  5 9  5 10  8 9  8 10  8 11  8 12  9 11  9 12  10 11  10 12  11 12
13 25  0 7  0 11  0 12  1 7  1 11  1 12  2 5  2 6  2 12  3 5  3 6  3 12  4 5  4 6  4 12  7 10  8 9  8 10  8 11  8 12  9 10  9 11  9 12  10 11  10 12
13 26  0 1  0 2  0 12  1 3  1 11  2 3  2 11  3 6  4 5  4 6  4 11  4 12  5 6  5 11  5 12  6 12  7 8  7 9  7 10  7 12  8 9  8 10  8 12  9 10  9 12  10 12
13 26  0 1  0 2  0 12  1 8  1 10  2 8  2 11  3 9  3 10  3 11  3 12  4 5  4 6  4 7  4 12  5 6  5 7  5 12  6 7  6 12  7 12  8 9  8 12  9 10  9 11  10 11
13 26  0 10  0 11  0 12  1 10  1 11  1 12  2 4  2 10  2 11  3 4  3 10  3 11  4 5  5 10  5 11  5 12  6 7  6 8  6 9  6 12  7 8  7 9  7 12  8 9  8 12  9 12
13 26  0 2  0 10  0 12  1 2  1 11  1 12  2 3  3 8  3 9  3 12  4 5  4 6  4 7  4 12  5 6  5 7  5 12  6 7  6 12  7 12  8 9  8 10  8 11  9 10  9 11  10 11
13 26  0 2  0 11  0 12  1 2  1 11  1 12  2 8  3 8  3 9  3 10  3 12  4 5  4 6  4 7  4 12  5 6  5 7  5 12  6 7  6 12  7 12  8 9  8 10  9 10  9 11  10 11
13 26  0 2  0 3  0 11  1 2  1 3  1 11  2 9  3 10  4 9  4 10  4 11  4 12  5 6  5 7  5 8  5 12  6 7  6 8  6 12  7 8  7 12  8 12  9 10  9 12  10 12  11 12
13 26  0 2  0 3  0 12  1 2  1 3  1 12  2 10  3 11  4 5  4 6  4 7  4 12  5 6  5 7  5 12  6 7  6 12  7 12  8 9  8 10  8 11  8 12  9 10  9 11  9 12  10 11
13 26  0 2  0 3  0 12  1 4  1 5  1 12  2 10  2 11  3 10  3 11  4 10  4 11  5 10  5 11  6 7  6 8  6 9  6 12  7 8  7 9  7 12  8 9  8 12  9 12  10 12  11 12
13 26  0 3  0 11  0 12  1 3  1 5  1 11  2 3  2 6  2 11  4 5  4 6  4 11  4 12  5 6  5 12  6 12  7 8  7 9  7 10  7 12  8 9  8 10  8 12  9 10  9 12  10 12
13 26  0 3  0 4  0 12  1 3  1 4  1 12  2 3  2 4  2 12  5 6  5 10  5 11  5 12  6 10  6 11  6 12  7 8  7 9  7 10  7 12  8 9  8 11  8 12  9 11  9 12  10 11
13 26  0 3  0 4  0 12  1 3  1 4  1 12  2 3  2 4  2 12  5 6  5 9  5 11  5 12  6 10  6 11  6 12  7 8  7 9  7 10  7 11  8 9  8 10  8 11  9 10  10 12  11 12
13 26  0 3  0 4  0 12  1 3  1 4  1 12  2 3  2 4  2 12  5 8  5 9  5 11  5 12  6 7  6 10  6 11  6 12  7 10  7 11  7 12  8 9  8 10  8 11  9 10  9 11  10 12
13 26  0 3  0 8  0 11  1 3  1 9  1 11  2 3  2 10  2 11  4 5  4 6  4 7  4 12  5 6  5 7  5 12  6 7  6 12  7 12  8 9  8 10  8 12  9 10  9 12  10 12  11 12
13 26  0 3  0 9  0 12  1 3  1 10  1 12  2 3  2 11  2 12  4 5  4 6  4 7  4 12  5 6  5 7  5 12  6 7  6 12  7 12  8 9  8 10  8 11  8 12  9 10  9 11  10 11
13 26  0 4  0 11  0 12  1 5  1 11  1 12  2 5  2 11  2 12  3 4  3 11  3 12  4 10  5 10  6 7  6 8  6 9  6 12  7 8  7 9  7 12  8 9  8 12  9 12  10 11  10 12
13 26  0 4  0 9  0 12  1 2  1 3  1 9  2 10  2 11  3 10  3 11  4 10  4 11  5 6  5 7  5 8  5 12  6 7  6 8  6 12  7 8  7 12  8 12  9 10  9 11  10 12  11 12
13 26  0 7  0 8  0 11  1 7  1 9  1 11  2 8  2 9  2 11  3 4  3 5  3 6  3 12  4 5  4 6  4 12  5 6  5 12  6 12  7 10  7 12  8 10  8 12  9 10  9 12  10 11
13 26  0 8  0 11  0 12  1 9  1 11  1 12  2 10  2 11  2 12  3 4  3 5  3 6  3 12  4 5  4 6  4 12  5 6  5 12  6 12  7 8  7 9  7 10  7 11  8 9  8 10  9 10
13 26  0 8  0 9  0 10  1 8  1 9  1 11  2 8  2 10  2 11  3 9  3 10  3 11  4 5  4 6  4 7  4 12  5 6  5 7  5 12  6 7  6 12  7 12  8 12  9 12  10 12  11 12
13 26  0 9  0 10  0 12  1 9  1 11  1 12  2 10  2 11  2 12  3 9  3 10  3 11  4 5  4 6  4 7  4 12  5 6  5 7  5 12  6 7  6 12  7 12  8 9  8 10  8 11  8 12
13 27  0 1  0 2  0 10  1 3  1 11  2 3  2 11  3 10  4 5  4 6  4 7  4 12  5 6  5 7  5 12  6 7  6 12  7 12  8 9  8 10  8 11  8 12  9 10  9 11  9 12  10 12  11 12
13 27  0 10  0 11  0 12  1 10  1 11  1 12  2 3  2 10  2 11  3 4  3 5  3 12  4 5  4 10  4 12  5 11  5 12  6 7  6 8  6 9  6 12  7 8  7 9  7 12  8 9  8 12  9 12
13 27  0 10  0 11  0 12  1 10  1 11  1 12  2 9  2 10  2 12  3 8  3 9  3 11  3 12  4 5  4 6  4 7  4 12  5 6  5 7  5 12  6 7  6 12  7 12  8 9  8 10  8 11  9 11
13 27  0 2  0 11  0 12  1 2  1 11  1 12  2 10  3 4  3 5  3 6  3 12  4 5  4 6  4 12  5 6  5 12  6 12  7 8  7 9  7 10  7 11  8 9  8 10  8 11  9 10  9 11  10 12
13 27  0 2  0 3  0 12  1 2  1 3  1 12  2 11  3 11  4 5  4 6  4 11  4 12  5 6  5 11  5 12  6 11  6 12  7 8  7 9  7 10  7 12  8 9  8 10  8 12  9 10  9 12  10 12
13 27  0 3  0 4  0 11  1 3  1 4  1 11  2 3  2 4  2 11  5 8  5 9  5 11  5 12  6 8  6 10  6 11  6 12  7 9  7 10  7 11  7 12  8 9  8 10  8 12  9 10  9 12  10 12
13 27  0 3  0 4  0 12  1 3  1 4  1 12  2 3  2 4  2 12  5 6  5 10  5 11  5 12  6 10  6 11  6 12  7 8  7 9  7 10  7 11  8 9  8 10  8 11  9 10  9 11  10 12  11 12
13 27  0 3  0 4  0 12  1 3  1 4  1 12  2 3  2 4  2 12  5 6  5 7  5 11  5 12  6 7  6 11  6 12  7 11  7 12  8 9  8 10  8 11  8 12  9 10  9 11  9 12  10 11  10 12
13 27  0 3  0 4  0 12  1 3  1 4  1 12  2 3  2 4  2 12  5 6  5 7  5 8  6 9  6 10  6 12  7 9  7 11  7 12  8 10  8 11  8 12  9 10  9 11  9 12  10 11  10 12  11 12
13 27  0 4  0 5  0 10  1 5  1 10  1 11  2 5  2 10  2 11  3 4  3 10  3 11  3 12  4 11  4 12  5 12  6 7  6 8  6 9  6 12  7 8  7 9  7 12  8 9  8 12  9 12  11 12
13 27  0 4  0 5  0 12  1 4  1 5  1 12  2 4  2 5  2 12  3 6  3 7  3 8  6 9  6 11  6 12  7 10  7 11  7 12  8 9  8 10  8 11  9 10  9 11  9 12  10 11  10 12  11 12
13 27  0 6  0 7  0 10  1 6  1 7  1 11  2 3  2 4  2 5  2 12  3 4  3 5  3 12  4 5  4 12  5 12  6 8  6 12  7 9  7 12  8 9  8 10  8 11  9 10  9 11  10 11  11 12
13 27  0 6  0 7  0 12  1 4  1 5  1 12  2 4  2 5  2 12  3 4  3 5  3 12  6 8  6 10  6 11  7 9  7 10  7 11  8 9  8 10  8 11  8 12  9 10  9 11  9 12  10 11  11 12
13 27  0 7  0 8  0 11  1 7  1 8  1 11  2 3  2 4  2 5  2 12  3 4  3 5  3 12  4 5  4 12  5 12  6 9  6 10  6 11  6 12  7 9  7 12  8 10  8 12  9 10  9 11  10 11
13 27  0 9  0 10  0 12  1 9  1 10  1 11  2 9  2 10  2 11  3 4  3 5  3 6  3 12  4 5  4 6  4 12  5 6  5 12  6 12  7 8  7 9  7 11  7 12  8 10  8 11  8 12  11 12
13 28  0 1  0 11  0 12  1 8  1 9  2 3  2 4  2 5  2 12  3 4  3 5  3 12  4 5  4 12  5 12  6 8  6 10  6 11  6 12  7 9  7 10  7 11  7 12  8 10  8 11  9 10  9 11  10 11
13 28  0 1  0 2  0 12  1 10  1 11  2 10  2 11  3 4  3 5  3 6  3 12  4 5  4 6  4 12  5 6  5 12  6 12  7 8  7 9  7 10  7 11  8 9  8 10  8 11  9 10  9 11  10 12  11 12
13 28  0 1  0 2  0 12  1 7  1 8  2 9  2 10  3 4  3 5  3 6  3 12  4 5  4 6  4 12  5 6  5 12  6 12  7 9  7 11  7 12  8 10  8 11  8 12  9 11  9 12  10 11  10 12  11 12
13 28  0 1  0 8  0 12  1 2  1 11  2 3  2 9  3 10  3 11  3 12  4 5  4 6  4 7  4 12  5 6  5 7  5 12  6 7  6 12  7 12  8 9  8 10  8 11  9 10  9 11  10 11  10 12  11 12
13 28  0 10  0 11  0 12  1 10  1 11  1 12  2 10  2 11  2 12  3 4  3 5  3 6  3 12  4 5  4 6  4 12  5 6  5 12  6 12  7 8  7 9  7 10  7 11  8 9  8 10  8 11  9 10  9 11
13 28  0 2  0 7  0 8  1 2  1 9  1 10  2 11  3 4  3 5  3 6  3 12  4 5  4 6  4 12  5 6  5 12  6 12  7 9  7 11  7 12  8 10  8 11  8 12  9 11  9 12  10 11  10 12  11 12
13 28  0 3  0 10  0 11  1 3  1 10  1 11  2 3  2 10  2 11  4 5  4 6  4 7  4 12  5 6  5 7  5 12  6 7  6 12  7 12  8 9  8 10  8 11  8 12  9 10  9 11  9 12  10 12  11 12
13 28  0 3  0 11  0 12  1 3  1 11  1 12  2 3  2 11  2 12  4 5  4 6  4 11  4 12  5 6  5 11  5 12  6 11  6 12  7 8  7 9  7 10  7 12  8 9  8 10  8 12  9 10  9 12  10 12
13 28  0 6  0 7  0 12  1 8  1 9  1 12  2 3  2 4  2 5  2 12  3 4  3 5  3 12  4 5  4 12  5 12  6 8  6 10  6 11  7 9  7 10  7 11  8 10  8 11  9 10  9 11  10 11  11 12
13 28  0 6  0 7  0 8  1 9  1 10  1 11  2 3  2 4  2 5  2 12  3 4  3 5  3 12  4 5  4 12  5 12  6 9  6 10  6 12  7 9  7 11  7 12  8 10  8 11  8 12  9 12  10 12  11 12
13 28  0 8  0 9  0 10  1 2  1 3  1 4  1 12  2 3  2 4  2 12  3 4  3 12  4 12  5 8  5 9  5 11  5 12  6 8  6 10  6 11  6 12  7 9  7 10  7 11  7 12  8 11  9 11  10 11
13 28  0 9  0 10  0 12  1 2  1 3  1 8  2 9  2 11  2 12  3 10  3 11  3 12  4 5  4 6  4 7  4 12  5 6  5 7  5 12  6 7  6 12  7 12  8 9  8 10  8 11  9 11  10 11  11 12
13 30  0 1  0 2  0 3  0 11  1 2  1 3  1 11  2 3  2 11  3 11  4 5  4 6  4 7  4 12  5 6  5 7  5 12  6 7  6 12  7 12  8 9  8 10  8 11  8 12  9 10  9 11  9 12  10 11  10 12  11 12
13 30  0 1  0 2  0 3  0 12  1 2  1 3  1 12  2 3  2 12  3 12  4 5  4 6  4 7  4 12  5 6  5 7  5 12  6 7  6 12  7 12  8 9  8 10  8 11  8 12  9 10  9 11  9 12  10 11  10 12  11 12
14 24  0 10  0 12  0 13  1 10  1 12  1 13  2 8  2 9  2 13  3 8  3 9  3 13  4 8  4 9  4 13  5 6  5 7  5 13  6 11  6 12  7 11  7 12  10 11  11 13
14 24  0 11  0 12  0 13  1 11  1 12  1 13  2 5  2 6  2 13  3 5  3 6  3 13  4 5  4 6  4 13  7 9  7 10  7 12  8 9  8 10  8 12  9 11  10 11  10 13
14 24  0 6  0 12  0 13  1 8  1 9  1 13  2 8  2 9  2 13  3 8  3 9  3 13  4 7  4 11  4 12  5 7  5 11  5 12  6 10  6 11  7 10  10 12  10 13  11 13
14 24  0 7  0 11  0 13  1 8  1 12  1 13  2 8  2 12  2 13  3 7  3 11  3 13  4 9  4 10  4 13  5 9  5 10  5 13  6 9  6 10  6 13  7 12  8 11  11 12
14 25  0 10  0 11  0 13  1 10  1 12  1 13  2 11  2 12  2 13  3 7  3 8  3 13  4 7  4 8  4 13  5 7  5 8  5 13  6 10  6 11  6 12  9 10  9 11  9 12  9 13
14 25  0 11  0 12  0 13  1 11  1 12  1 13  2 5  2 6  2 13  3 5  3 6  3 13  4 5  4 6  4 13  7 9  7 11  7 12  8 9  8 11  8 12  9 10  10 11  10 12  10 13
14 25  0 4  0 5  0 13  1 6  1 7  1 13  2 6  2 7  2 13  3 6  3 7  3 13  4 9  4 11  5 9  5 12  8 10  8 11  8 12  8 13  9 10  9 13  10 11  10 12  11 12
14 25  0 5  0 11  0 13  1 5  1 11  1 13  2 6  2 7  2 13  3 6  3 7  3 13  4 6  4 7  4 13  5 12  8 9  8 10  8 12  8 13  9 10  9 11  9 12  10 11  10 12
14 25  0 5  0 6  0 13  1 5  1 6  1 13  2 5  2 6  2 13  3 7  3 8  3 13  4 7  4 8  4 13  7 11  8 12  9 10  9 11  9 12  9 13  10 11  10 12  10 13  11 12
14 25  0 5  0 6  0 13  1 7  1 8  1 13  2 9  2 10  2 13  3 9  3 10  3 13  4 9  4 10  4 13  5 11  5 12  6 11  6 12  7 11  7 12  8 11  8 12  11 13  12 13
14 25  0 5  0 8  0 13  1 6  1 8  1 13  2 7  2 8  2 13  3 5  3 6  3 7  4 5  4 6  4 7  9 10  9 11  9 12  9 13  10 11  10 12  10 13  11 12  11 13  12 13
14 25  0 6  0 10  0 13  1 6  1 11  1 13  2 6  2 12  2 13  3 7  3 8  3 13  4 7  4 8  4 13  5 7  5 8  5 13  9 10  9 11  9 12  9 13  10 11  10 12  11 12
14 25  0 6  0 12  0 13  1 7  1 8  1 13  2 7  2 8  2 13  3 7  3 8  3 13  4 6  4 10  4 12  5 6  5 11  5 12  9 10  9 11  9 12  9 13  10 11  10 13  11 13
14 25  0 6  0 7  0 13  1 6  1 7  1 13  2 6  2 7  2 13  3 8  3 9  3 11  4 8  4 10  4 11  5 9  5 10  5 11  8 12  8 13  9 12  9 13  10 12  10 13  11 12
14 25  0 7  0 10  0 13  1 8  1 9  1 13  2 8  2 9  2 13  3 8  3 9  3 13  4 5  4 6  4 10  5 11  5 12  6 11  6 12  7 11  7 12  10 11  10 12  11 13  12 13
14 25  0 7  0 11  0 13  1 7  1 12  1 13  2 5  2 6  2 13  3 5  3 6  3 13  4 5  4 6  4 13  7 8  8 9  8 10  8 13  9 10  9 11  9 12  10 11  10 12  11 12
14 25  0 7  0 12  0 13  1 8  1 12  1 13  2 8  2 12  2 13  3 7  3 12  3 13  4 9  4 10  4 13  5 9  5 10  5 13  6 9  6 10  6 13  7 11  8 11  11 12  11 13
14 25  0 7  0 8  0 13  1 7  1 8  1 13  2 5  2 6  2 13  3 5  3 6  3 7  4 5  4 6  4 8  9 10  9 11  9 12  9 13  10 11  10 12  10 13  11 12  11 13  12 13
14 25  0 7  0 8  0 13  1 7  1 8  1 13  2 7  2 8  2 13  3 4  3 5  3 13  4 6  4 12  5 6  5 12  6 11  9 10  9 11  9 12  9 13  10 11  10 12  10 13  11 13
14 25  0 7  0 8  0 13  1 7  1 8  1 13  2 7  2 8  2 13  3 4  3 5  3 6  4 9  4 10  5 9  5 11  6 9  6 12  9 13  10 11  10 12  10 13  11 12  11 13  12 13
14 25  0 7  0 8  0 13  1 7  1 8  1 13  2 7  2 8  2 13  3 5  3 6  3 9  4 5  4 6  4 9  5 10  6 11  9 12  9 13  10 11  10 12  10 13  11 12  11 13  12 13
14 25  0 7  0 8  0 13  1 7  1 8  1 13  2 7  2 8  2 13  3 9  3 10  3 11  4 9  4 10  4 12  5 9  5 11  5 12  6 10  6 11  6 12  9 13  10 13  11 13  12 13
14 25  0 8  0 9  0 13  1 8  1 10  1 13  2 8  2 11  2 13  3 6  3 7  3 13  4 6  4 7  4 13  5 6  5 7  5 13  8 12  9 10  9 11  9 12  10 11  10 12  11 12
14 26  0 1  0 2  0 13  1 5  1 12  2 6  2 12  3 4  3 11  3 12  4 5  4 6  5 11  6 11  7 8  7 9  7 10  7 13  8 9  8 10  8 13  9 10  9 13  10 13  11 13  12 13
14 26  0 10  0 11  0 13  1 11  1 12  1 13  2 11  2 12  2 13  3 6  3 7  3 13  4 6  4 7  4 13  5 6  5 7  5 13  8 9  8 10  8 12  8 13  9 10  9 11  9 12  10 12
14 26  0 10  0 11  0 13  1 4  1 5  1 13  2 4  2 5  2 13  3 4  3 5  3 13  6 10  6 11  6 12  7 10  7 11  7 12  8 9  8 10  8 12  8 13  9 11  9 12  9 13  12 13
14 26  0 11  0 12  0 13  1 11  1 12  1 13  2 6  2 7  2 13  3 6  3 7  3 13  4 6  4 7  4 13  5 10  5 11  5 12  8 9  8 10  8 11  8 13  9 10  9 12  9 13  10 13
14 26  0 11  0 12  0 13  1 5  1 12  1 13  2 6  2 12  2 13  3 4  3 11  3 12  4 5  4 6  5 11  6 11  7 8  7 9  7 10  7 13  8 9  8 10  8 13  9 10  9 13  10 13
14 26  0 4  0 5  0 13  1 4  1 5  1 13  2 6  2 7  2 13  3 6  3 7  3 13  4 12  5 12  6 12  7 12  8 9  8 10  8 11  8 13  9 10  9 11  9 13  10 11  10 13  11 13
14 26  0 5  0 6  0 13  1 5  1 6  1 13  2 5  2 6  2 13  3 7  3 8  3 12  4 7  4 8  4 12  7 10  7 13  8 11  8 13  9 10  9 11  9 12  9 13  10 11  10 12  11 12
14 26  0 5  0 6  0 13  1 5  1 6  1 13  2 5  2 6  2 13  3 7  3 8  3 9  4 7  4 8  4 12  7 10  7 13  8 11  8 13  9 10  9 11  9 12  10 11  10 12  11 12  12 13
14 26  0 5  0 6  0 13  1 5  1 6  1 13  2 7  2 8  2 13  3 7  3 8  3 13  4 7  4 8  4 13  5 12  6 12  9 10  9 11  9 12  9 13  10 11  10 12  10 13  11 12  11 13
14 26  0 6  0 12  0 13  1 2  1 5  1 13  2 7  2 12  3 5  3 6  3 12  4 6  4 7  4 12  5 7  7 13  8 9  8 10  8 11  8 13  9 10  9 11  9 13  10 11  10 13  11 13
14 26  0 6  0 12  0 13  1 6  1 12  1 13  2 4  2 5  2 12  3 4  3 5  3 12  4 7  5 7  6 7  7 13  8 9  8 10  8 11  8 13  9 10  9 11  9 13  10 11  10 13  11 13
14 26  0 6  0 7  0 13  1 6  1 7  1 13  2 6  2 7  2 13  3 10  3 11  3 12  4 10  4 11  4 12  5 9  5 10  5 11  8 9  8 11  8 12  8 13  9 12  9 13  10 13  12 13
14 26  0 7  0 12  0 13  1 6  1 12  1 13  2 4  2 7  2 13  3 5  3 7  3 13  4 6  4 12  5 6  5 12  8 9  8 10  8 11  8 13  9 10  9 11  9 13  10 11  10 13  11 13
14 26  0 7  0 12  0 13  1 7  1 12  1 13  2 5  2 6  2 13  3 5  3 6  3 13  4 5  4 6  4 13  7 11  8 9  8 10  8 11  8 12  9 10  9 11  9 12  10 11  10 12  11 13
14 26  0 7  0 8  0 13  1 7  1 8  1 13  2 7  2 8  2 13  3 4  3 5  3 11  4 6  4 12  5 6  5 12  6 11  9 10  9 11  9 12  9 13  10 11  10 12  10 13  11 13  12 13
14 27  0 1  0 11  0 13  1 5  1 12  2 5  2 6  2 12  3 6  3 11  3 12  4 6  4 11  4 12  5 11  5 13  6 13  7 8  7 9  7 10  7 13  8 9  8 10  8 13  9 10  9 13  10 13
14 27  0 1  0 12  0 13  1 2  1 3  2 10  2 12  3 11  3 12  4 10  4 11  4 12  5 10  5 11  5 12  6 7  6 8  6 9  6 13  7 8  7 9  7 13  8 9  8 13  9 13  10 13  11 13
14 27  0 1  0 2  0 13  1 11  1 12  2 11  2 12  3 4  3 5  3 11  4 6  4 12  5 6  5 12  6 11  7 8  7 9  7 10  7 13  8 9  8 10  8 13  9 10  9 13  10 13  11 13  12 13
14 27  0 1  0 5  0 12  1 2  1 3  2 6  2 12  3 7  3 12  4 6  4 7  4 12  5 6  5 7  6 13  7 13  8 9  8 10  8 11  8 13  9 10  9 11  9 13  10 11  10 13  11 13  12 13
14 27  0 10  0 11  0 13  1 4  1 5  1 13  2 10  2 11  2 12  3 10  3 11  3 12  4 10  4 12  5 11  5 12  6 7  6 8  6 9  6 13  7 8  7 9  7 13  8 9  8 13  9 13  12 13
14 27  0 10  0 12  0 13  1 11  1 12  1 13  2 10  2 11  2 12  3 5  3 10  3 11  4 5  4 10  4 11  5 12  5 13  6 7  6 8  6 9  6 13  7 8  7 9  7 13  8 9  8 13  9 13
14 27  0 10  0 12  0 13  1 11  1 12  1 13  2 3  2 12  2 13  3 10  3 11  4 10  4 11  4 12  5 10  5 11  5 12  6 7  6 8  6 9  6 13  7 8  7 9  7 13  8 9  8 13  9 13
14 27  0 11  0 12  0 13  1 11  1 12  1 13  2 10  2 12  2 13  3 5  3 10  3 13  4 5  4 10  4 12  5 11  6 7  6 8  6 9  6 13  7 8  7 9  7 13  8 9  8 13  9 13  10 11
14 27  0 11  0 12  0 13  1 11  1 12  1 13  2 11  2 12  2 13  3 4  3 5  3 11  4 6  4 12  5 6  5 12  6 11  7 8  7 9  7 10  7 13  8 9  8 10  8 13  9 10  9 13  10 13
14 27  0 11  0 12  0 13  1 11  1 12  1 13  2 11  2 12  2 13  3 6  3 7  3 11  4 6  4 7  4 11  5 6  5 7  5 11  8 9  8 10  8 12  8 13  9 10  9 12  9 13  10 12  10 13
14 27  0 11  0 12  0 13  1 11  1 12  1 13  2 5  2 11  2 13  3 5  3 12  3 13  4 5  4 6  4 13  6 11  6 12  7 8  7 9  7 10  7 13  8 9  8 10  8 13  9 10  9 13  10 13
14 27  0 3  0 4  0 12  1 10  1 11  1 12  2 10  2 11  2 12  3 5  3 10  4 5  4 11  5 12  5 13  6 7  6 8  6 9  6 13  7 8  7 9  7 13  8 9  8 13  9 13  10 13  11 13
14 27  0 3  0 4  0 12  1 3  1 4  1 12  2 3  2 4  2 12  5 6  5 7  5 8  6 9  6 10  6 13  7 9  7 11  7 13  8 10  8 11  8 13  9 12  9 13  10 12  10 13  11 12  11 13
14 27  0 4  0 10  0 12  1 4  1 11  1 12  2 10  2 11  2 12  3 5  3 10  3 11  4 5  5 12  5 13  6 7  6 8  6 9  6 13  7 8  7 9  7 13  8 9  8 13  9 13  10 13  11 13
14 27  0 4  0 12  0 13  1 5  1 6  1 13  2 5  2 6  2 13  3 5  3 6  3 13  4 9  4 10  7 9  7 11  7 12  7 13  8 10  8 11  8 12  8 13  9 11  9 12  10 11  10 12  11 12
14 27  0 4  0 5  0 11  1 4  1 5  1 11  2 4  2 5  2 11  3 6  3 7  3 11  6 12  6 13  7 12  7 13  8 9  8 10  8 12  8 13  9 10  9 12  9 13  10 12  10 13  11 12  11 13
14 27  0 4  0 5  0 13  1 11  1 12  1 13  2 11  2 12  2 13  3 6  3 11  3 12  4 6  4 11  5 6  5 12  6 13  7 8  7 9  7 10  7 13  8 9  8 10  8 13  9 10  9 13  10 13
14 27  0 4  0 5  0 13  1 4  1 5  1 13  2 4  2 5  2 13  3 6  3 7  3 13  6 8  6 9  7 10  7 11  8 10  8 12  8 13  9 11  9 12  9 13  10 12  10 13  11 12  11 13  12 13
14 27  0 4  0 5  0 13  1 5  1 6  1 11  2 6  2 11  2 12  3 6  3 11  3 12  4 11  4 12  5 12  6 13  7 8  7 9  7 10  7 13  8 9  8 10  8 13  9 10  9 13  10 13  12 13
14 27  0 5  0 11  0 13  1 5  1 12  1 13  2 11  2 12  2 13  3 6  3 11  3 12  4 6  4 11  4 12  5 6  6 13  7 8  7 9  7 10  7 13  8 9  8 10  8 13  9 10  9 13  10 13
14 27  0 5  0 12  0 13  1 5  1 12  1 13  2 5  2 12  2 13  3 6  3 7  3 13  4 6  4 7  4 13  6 12  7 12  8 9  8 10  8 11  8 13  9 10  9 11  9 13  10 11  10 13  11 13
14 27  0 5  0 6  0 13  1 5  1 6  1 13  2 5  2 6  2 13  3 7  3 8  3 9  4 10  4 11  4 12  7 10  7 11  7 13  8 10  8 12  8 13  9 11  9 12  9 13  10 13  11 13  12 13
14 27  0 6  0 11  0 13  1 11  1 12  1 13  2 11  2 12  2 13  3 5  3 12  3 13  4 5  4 11  4 12  5 6  6 12  7 8  7 9  7 10  7 13  8 9  8 10  8 13  9 10  9 13  10 13
14 27  0 6  0 12  0 13  1 6  1 12  1 13  2 5  2 11  2 12  3 5  3 11  3 12  4 5  4 11  4 12  6 11  7 8  7 9  7 10  7 13  8 9  8 10  8 13  9 10  9 13  10 13  11 13
14 27  0 6  0 12  0 13  1 6  1 12  1 13  2 6  2 12  2 13  3 7  3 8  3 13  4 7  4 8  4 13  5 7  5 8  5 13  9 10  9 11  9 12  9 13  10 11  10 12  10 13  11 12  11 13
14 27  0 6  0 7  0 13  1 6  1 7  1 13  2 6  2 7  2 13  3 4  3 5  3 12  4 8  4 9  5 10  5 11  8 10  8 12  8 13  9 11  9 12  9 13  10 12  10 13  11 12  11 13  12 13
14 27  0 7  0 8  0 13  1 7  1 8  1 13  2 7  2 8  2 13  3 4  3 5  3 6  4 11  4 12  5 11  5 12  6 11  6 12  9 10  9 11  9 12  9 13  10 11  10 12  10 13  11 13  12 13
14 27  0 7  0 8  0 13  1 9  1 10  1 13  2 5  2 6  2 13  3 5  3 6  3 13  4 5  4 6  4 13  7 9  7 11  7 12  8 10  8 11  8 12  9 11  9 12  10 11  10 12  11 12  12 13
14 27  0 7  0 9  0 13  1 4  1 5  1 13  2 4  2 5  2 13  3 4  3 5  3 13  6 7  6 8  6 10  7 12  8 11  8 12  8 13  9 10  9 11  9 12  10 11  10 12  11 12  11 13  12 13
14 27  0 9  0 10  0 13  1 5  1 6  1 13  2 5  2 6  2 13  3 5  3 6  3 13  4 7  4 8  4 11  7 9  7 12  7 13  8 10  8 12  8 13  9 11  9 12  10 11  10 12  11 12  12 13
14 28  0 1  0 2  0 13  1 11  1 12  2 11  2 12  3 4  3 5  3 6  4 11  4 12  5 11  5 12  6 11  6 12  7 8  7 9  7 10  7 13  8 9  8 10  8 13  9 10  9 13  10 13  11 13  12 13
14 28  0 1  0 2  0 13  1 4  1 12  2 5  2 12  3 4  3 5  3 12  4 6  5 7  6 7  6 12  6 13  7 12  7 13  8 9  8 10  8 11  8 13  9 10  9 11  9 13  10 11  10 13  11 13  12 13
14 28  0 10  0 11  0 13  1 10  1 12  1 13  2 11  2 12  2 13  3 11  3 12  3 13  4 10  4 11  4 12  5 10  5 11  5 12  6 7  6 8  6 9  6 13  7 8  7 9  7 13  8 9  8 13  9 13
14 28  0 10  0 12  0 13  1 11  1 12  1 13  2 11  2 12  2 13  3 10  3 12  3 13  4 10  4 11  4 13  5 10  5 11  5 12  6 7  6 8  6 9  6 13  7 8  7 9  7 13  8 9  8 13  9 13
14 28  0 11  0 12  0 13  1 11  1 12  1 13  2 11  2 12  2 13  3 4  3 5  3 6  4 11  4 12  5 11  5 12  6 11  6 12  7 8  7 9  7 10  7 13  8 9  8 10  8 13  9 10  9 13  10 13
14 28  0 3  0 10  0 13  1 4  1 11  1 13  2 3  2 4  2 9  3 12  4 12  5 6  5 7  5 8  5 13  6 7  6 8  6 13  7 8  7 13  8 13  9 10  9 11  9 12  10 11  10 12  11 12  12 13
14 28  0 3  0 12  0 13  1 4  1 12  1 13  2 3  2 4  2 12  3 10  4 11  5 6  5 7  5 8  5 13  6 7  6 8  6 13  7 8  7 13  8 13  9 10  9 11  9 12  9 13  10 11  10 12  11 12
14 28  0 3  0 4  0 13  1 3  1 5  1 13  2 4  2 5  2 13  3 10  4 11  5 12  6 7  6 8  6 9  6 13  7 8  7 9  7 13  8 9  8 13  9 13  10 11  10 12  10 13  11 12  11 13  12 13
14 28  0 5  0 10  0 11  1 5  1 10  1 12  2 10  2 11  2 12  3 10  3 11  3 12  4 5  4 11  4 12  5 13  6 7  6 8  6 9  6 13  7 8  7 9  7 13  8 9  8 13  9 13  11 13  12 13
14 28  0 6  0 12  0 13  1 7  1 12  1 13  2 7  2 12  2 13  3 7  3 12  3 13  4 6  4 12  4 13  5 6  5 12  5 13  8 9  8 10  8 11  8 13  9 10  9 11  9 13  10 11  10 13  11 13
14 28  0 9  0 11  0 12  1 10  1 11  1 12  2 10  2 11  2 12  3 9  3 11  3 12  4 9  4 10  4 12  5 6  5 7  5 8  5 13  6 7  6 8  6 13  7 8  7 13  8 13  9 13  10 13  11 13
14 29  0 2  0 3  0 12  1 2  1 3  1 12  2 13  3 13  4 5  4 6  4 7  4 12  5 6  5 7  5 12  6 7  6 12  7 12  8 9  8 10  8 11  8 13  9 10  9 11  9 13  10 11  10 13  11 13  12 13
14 29  0 3  0 12  0 13  1 3  1 12  1 13  2 3  2 12  2 13  4 5  4 6  4 7  4 12  5 6  5 7  5 12  6 7  6 12  7 12  8 9  8 10  8 11  8 13  9 10  9 11  9 13  10 11  10 13  11 13
14 29  0 3  0 4  0 12  1 3  1 4  1 12  2 3  2 4  2 12  5 6  5 7  5 12  5 13  6 7  6 12  6 13  7 12  7 13  8 9  8 10  8 11  8 13  9 10  9 11  9 13  10 11  10 13  11 13  12 13
14 29  0 3  0 4  0 13  1 3  1 4  1 13  2 3  2 4  2 13  5 6  5 7  5 8  5 13  6 7  6 8  6 13  7 8  7 13  8 13  9 10  9 11  9 12  9 13  10 11  10 12  10 13  11 12  11 13  12 13
15 24  0 12  0 13  0 14  1 12  1 13  1 14  2 12  2 13  2 14  3 10  3 11  3 14  4 10  4 11  4 14  5 8  5 9  5 14  6 8  6 9  6 10  7 8  7 9  7 11
15 24  0 8  0 11  0 14  1 9  1 11  1 14  2 10  2 11  2 14  3 12  3 13  3 14  4 12  4 13  4 14  5 12  5 13  5 14  6 8  6 9  6 10  7 8  7 9  7 10
15 25  0 10  0 11  0 14  1 10  1 11  1 14  2 10  2 11  2 14  3 8  3 9  3 14  4 5  4 12  4 13  5 6  5 7  6 8  6 12  7 9  7 12  8 13  9 13  12 14  13 14
15 25  0 11  0 13  0 14  1 11  1 13  1 14  2 9  2 10  2 14  3 9  3 10  3 14  4 9  4 10  4 14  5 7  5 8  5 13  6 7  6 8  6 13  7 12  8 12  11 12  12 14
15 25  0 12  0 13  0 14  1 7  1 13  1 14  2 7  2 10  2 14  3 7  3 11  3 14  4 8  4 9  4 14  5 8  5 9  5 14  6 8  6 9  6 14  10 12  10 13  11 12  11 13
15 25  0 12  0 13  0 14  1 9  1 12  1 14  2 10  2 12  2 14  3 6  3 7  3 14  4 6  4 7  4 14  5 6  5 7  5 14  8 11  8 12  8 13  9 11  9 13  10 11  10 13
15 25  0 7  0 8  0 14  1 7  1 8  1 14  2 9  2 10  2 14  3 9  3 10  3 14  4 11  4 12  4 14  5 11  5 12  5 14  6 11  6 12  6 14  7 13  8 13  9 13  10 13
15 25  0 8  0 13  0 14  1 7  1 9  1 14  2 10  2 11  2 14  3 10  3 11  3 14  4 10  4 11  4 14  5 8  5 12  5 13  6 8  6 9  6 13  7 12  7 13  9 12  12 14
15 26  0 10  0 11  0 14  1 10  1 11  1 14  2 10  2 11  2 14  3 8  3 9  3 14  4 5  4 6  4 12  5 7  5 13  6 7  6 13  7 12  8 12  8 13  9 12  9 13  12 14  13 14
15 26  0 11  0 12  0 14  1 11  1 13  1 14  2 8  2 9  2 14  3 8  3 9  3 14  4 8  4 9  4 14  5 10  5 12  5 13  6 10  6 12  6 13  7 11  7 12  7 13  10 11  10 14
15 26  0 11  0 12  0 14  1 9  1 10  1 14  2 9  2 10  2 14  3 9  3 10  3 14  4 7  4 8  4 14  5 11  5 12  5 13  6 11  6 12  6 13  7 11  7 13  8 12  8 13  13 14
15 26  0 11  0 13  0 14  1 11  1 13  1 14  2 9  2 10  2 14  3 9  3 10  3 14  4 9  4 10  4 14  5 8  5 12  5 13  6 8  6 12  6 13  7 8  7 12  7 13  11 12  12 14
15 26  0 11  0 13  0 14  1 12  1 13  1 14  2 6  2 13  2 14  3 7  3 8  3 14  4 7  4 8  4 14  5 7  5 8  5 14  6 11  6 12  9 11  9 12  9 13  10 11  10 12  10 13
15 26  0 12  0 13  0 14  1 10  1 12  1 14  2 10  2 13  2 14  3 8  3 9  3 14  4 8  4 9  4 14  5 8  5 9  5 14  6 11  6 12  6 13  7 11  7 12  7 13  10 11  11 14
15 26  0 12  0 13  0 14  1 12  1 13  1 14  2 11  2 12  2 14  3 11  3 13  3 14  4 8  4 11  4 14  5 9  5 10  5 14  6 9  6 10  6 14  7 9  7 10  7 14  8 12  8 13
15 26  0 12  0 13  0 14  1 12  1 13  1 14  2 11  2 12  2 14  3 9  3 11  3 14  4 7  4 8  4 14  5 7  5 8  5 14  6 7  6 8  6 14  9 10  9 13  10 11  10 12  11 13
15 26  0 12  0 13  0 14  1 12  1 13  1 14  2 11  2 13  2 14  3 9  3 12  3 14  4 7  4 8  4 14  5 7  5 8  5 14  6 7  6 8  6 14  9 11  9 13  10 11  10 12  10 13
15 26  0 12  0 13  0 14  1 12  1 13  1 14  2 12  2 13  2 14  3 6  3 7  3 14  4 6  4 7  4 14  5 6  5 7  5 14  8 9  8 10  8 12  9 11  9 13  10 11  10 13  11 12
15 26  0 12  0 13  0 14  1 12  1 13  1 14  2 12  2 13  2 14  3 8  3 9  3 14  4 8  4 9  4 14  5 10  5 11  5 14  6 10  6 11  6 14  7 10  7 11  7 14  8 13  9 13
15 26  0 12  0 13  0 14  1 12  1 13  1 14  2 6  2 7  2 14  3 9  3 10  3 14  4 9  4 10  4 14  5 9  5 10  5 14  6 11  6 12  7 11  7 13  8 11  8 12  8 13  11 14
15 26  0 6  0 8  0 14  1 9  1 10  1 14  2 9  2 10  2 14  3 9  3 10  3 14  4 11  4 12  4 13  5 11  5 12  5 13  6 12  6 13  7 8  7 11  7 12  8 13  11 14  13 14
15 26  0 7  0 13  0 14  1 8  1 9  1 14  2 8  2 9  2 14  3 8  3 9  3 14  4 11  4 12  4 13  5 11  5 12  5 13  6 10  6 11  6 12  7 10  7 12  10 13  10 14  11 14
15 26  0 8  0 13  0 14  1 9  1 10  1 14  2 9  2 10  2 14  3 9  3 10  3 14  4 8  4 11  4 13  5 8  5 12  5 13  6 11  6 12  6 13  7 11  7 12  7 13  11 14  12 14
15 26  0 8  0 9  0 14  1 8  1 9  1 14  2 8  2 9  2 14  3 6  3 7  3 13  4 11  4 12  4 13  5 11  5 12  5 13  6 10  6 11  7 10  7 12  10 13  10 14  11 14  12 14
15 26  0 8  0 9  0 14  1 8  1 9  1 14  2 8  2 9  2 14  3 7  3 11  3 13  4 7  4 12  4 13  5 11  5 12  5 13  6 10  6 11  6 12  7 10  10 13  10 14  11 14  12 14
15 26  0 9  0 10  0 14  1 9  1 10  1 14  2 9  2 10  2 14  3 4  3 8  3 13  4 5  4 6  5 11  5 13  6 12  6 13  7 11  7 12  7 13  8 11  8 12  11 14  12 14  13 14
15 27  0 11  0 12  0 14  1 11  1 13  1 14  2 12  2 13  2 14  3 12  3 13  3 14  4 9  4 10  4 14  5 9  5 10  5 14  6 9  6 10  6 14  7 11  7 12  7 13  8 11  8 12  8 13
15 27  0 11  0 13  0 14  1 12  1 13  1 14  2 12  2 13  2 14  3 11  3 13  3 14  4 11  4 12  4 14  5 9  5 10  5 14  6 9  6 10  6 14  7 9  7 10  7 14  8 11  8 12  8 13
15 27  0 6  0 7  0 8  1 3  1 4  1 5  2 3  2 4  2 5  3 14  4 14  5 14  6 12  6 13  7 12  7 13  8 12  8 13  9 12  9 13  9 14  10 12  10 13  10 14  11 12  11 13  11 14
15 27  0 7  0 8  0 14  1 7  1 8  1 14  2 7  2 8  2 14  3 10  3 11  3 12  4 10  4 11  4 13  5 11  5 12  5 13  6 11  6 12  6 13  9 10  9 12  9 13  10 14  12 14  13 14
15 27  0 7  0 9  0 14  1 8  1 9  1 14  2 5  2 6  2 13  3 5  3 6  3 13  4 5  4 6  4 13  7 11  7 13  8 12  8 13  9 10  10 11  10 12  10 14  11 12  11 14  12 14  13 14
15 27  0 8  0 13  0 14  1 9  1 13  1 14  2 8  2 9  2 14  3 6  3 7  3 13  4 6  4 7  4 13  5 6  5 7  5 13  8 11  9 12  10 11  10 12  10 13  10 14  11 12  11 14  12 14
15 27  0 8  0 9  0 14  1 8  1 10  1 14  2 9  2 10  2 14  3 6  3 7  3 14  4 6  4 7  4 14  5 6  5 7  5 14  8 11  9 12  10 13  11 12  11 13  11 14  12 13  12 14  13 14
15 27  0 8  0 9  0 14  1 8  1 9  1 14  2 8  2 9  2 14  3 10  3 12  3 13  4 11  4 12  4 13  5 11  5 12  5 13  6 10  6 12  6 13  7 10  7 11  7 13  10 14  11 14  12 14
15 27  0 9  0 10  0 11  1 4  1 5  1 6  2 4  2 5  2 6  3 7  3 8  3 14  4 14  5 14  6 14  7 12  7 13  8 12  8 13  9 12  9 13  10 12  10 13  11 12  11 13  12 14  13 14
15 27  0 9  0 10  0 14  1 9  1 10  1 14  2 9  2 10  2 14  3 7  3 8  3 14  4 5  4 6  4 13  5 7  5 11  6 8  6 12  7 13  8 13  11 12  11 13  11 14  12 13  12 14  13 14
15 27  0 9  0 13  0 14  1 10  1 13  1 14  2 10  2 13  2 14  3 10  3 13  3 14  4 9  4 13  4 14  5 9  5 13  5 14  6 11  6 12  6 14  7 11  7 12  7 14  8 11  8 12  8 14
15 28  0 4  0 8  0 9  1 4  1 8  1 9  2 5  2 6  2 7  3 5  3 6  3 7  4 13  5 14  6 14  7 14  8 13  9 13  10 11  10 12  10 13  10 14  11 12  11 13  11 14  12 13  12 14  13 14
15 28  0 5  0 7  0 14  1 6  1 8  1 14  2 4  2 5  2 8  3 4  3 6  3 7  4 13  5 13  6 13  7 13  8 13  9 10  9 11  9 12  9 14  10 11  10 12  10 14  11 12  11 14  12 14  13 14
15 28  0 6  0 13  0 14  1 7  1 13  1 14  2 8  2 13  2 14  3 6  3 7  3 13  4 6  4 8  4 13  5 7  5 8  5 13  9 10  9 11  9 12  9 14  10 11  10 12  10 14  11 12  11 14  12 14
15 28  0 6  0 7  0 14  1 6  1 7  1 14  2 6  2 7  2 14  3 8  3 9  3 14  4 8  4 9  4 14  5 8  5 9  5 14  10 11  10 12  10 13  10 14  11 12  11 13  11 14  12 13  12 14  13 14
15 28  0 6  0 7  0 14  1 6  1 8  1 14  2 7  2 9  2 14  3 6  3 9  3 14  4 7  4 8  4 14  5 8  5 9  5 14  10 11  10 12  10 13  10 14  11 12  11 13  11 14  12 13  12 14  13 14
15 28  0 7  0 8  0 14  1 7  1 8  1 14  2 5  2 6  2 13  3 5  3 6  3 13  4 5  4 6  4 13  7 13  8 13  9 10  9 11  9 12  9 14  10 11  10 12  10 14  11 12  11 14  12 14  13 14
15 28  0 8  0 13  0 14  1 8  1 13  1 14  2 8  2 13  2 14  3 6  3 7  3 13  4 6  4 7  4 13  5 6  5 7  5 13  9 10  9 11  9 12  9 14  10 11  10 12  10 14  11 12  11 14  12 14
16 27  0 5  0 9  0 10  1 5  1 9  1 10  2 6  2 7  2 8  3 6  3 7  3 8  4 11  4 12  4 13  5 14  6 15  7 15  8 15  9 14  10 14  11 14  11 15  12 14  12 15  13 14  13 15
16 27  0 6  0 8  0 13  1 7  1 9  1 13  2 10  2 11  2 12  3 10  3 11  3 12  4 6  4 9  4 15  5 7  5 8  5 15  6 14  7 14  8 14  9 14  10 15  11 15  12 15  13 14  14 15
16 27  0 8  0 12  0 13  1 8  1 12  1 13  2 9  2 10  2 11  3 9  3 10  3 11  4 6  4 7  4 15  5 6  5 7  5 15  6 14  7 14  8 14  9 15  10 15  11 15  12 14  13 14  14 15
16 27  0 8  0 9  0 10  1 8  1 9  1 10  2 5  2 6  2 11  3 5  3 7  3 12  4 6  4 7  4 13  5 14  6 14  7 14  8 15  9 15  10 15  11 14  11 15  12 14  12 15  13 14  13 15
16 27  0 9  0 10  0 15  1 11  1 12  1 15  2 11  2 12  2 15  3 11  3 12  3 15  4 13  4 14  4 15  5 13  5 14  5 15  6 13  6 14  6 15  7 9  7 10  7 15  8 9  8 10  8 15
16 27  0 9  0 10  0 15  1 11  1 12  1 15  2 11  2 12  2 15  3 11  3 12  3 15  4 13  4 14  4 15  5 9  5 13  5 15  6 10  6 14  6 15  7 9  7 14  7 15  8 10  8 13  8 15
