7 17  0 1  0 4  0 5  0 6  1 4  1 5  1 6  2 3  2 4  2 5  2 6  3 4  3 5  3 6  4 5  4 6  5 6
7 18  0 1  0 2  0 3  0 4  0 6  1 2  1 3  1 5  1 6  2 4  2 5  2 6  3 4  3 5  3 6  4 5  4 6  5 6
8 15  0 2  0 3  0 4  1 5  1 6  1 7  2 5  2 6  2 7  3 5  3 6  3 7  4 5  4 6  4 7
8 15  0 5  0 6  0 7  1 5  1 6  1 7  2 5  2 6  2 7  3 5  3 6  3 7  4 5  4 6  4 7
8 16  0 1  0 2  0 3  0 4  1 2  1 3  1 5  2 3  2 6  3 7  4 5  4 6  4 7  5 6  5 7  6 7
8 16  0 1  0 2  0 7  1 5  1 6  2 5  2 6  3 4  3 5  3 6  3 7  4 5  4 6  4 7  5 7  6 7
8 17  0 1  0 2  0 3  0 6  1 4  1 5  1 7  2 3  2 6  2 7  3 6  3 7  4 5  4 6  4 7  5 6  5 7
8 18  0 1  0 2  0 3  0 4  1 5  1 6  1 7  2 5  2 6  2 7  3 4  3 6  3 7  4 6  4 7  5 6  5 7  6 7
8 18  0 1  0 2  0 3  0 6  1 4  1 5  1 7  2 4  2 6  2 7  3 5  3 6  3 7  4 6  4 7  5 6  5 7  6 7
8 18  0 1  0 2  0 3  1 4  1 5  1 7  2 4  2 6  2 7  3 5  3 6  3 7  4 5  4 6  4 7  5 6  5 7  6 7
8 18  0 1  0 2  0 6  0 7  1 2  1 6  1 7  2 6  2 7  3 4  3 5  3 6  3 7  4 5  4 6  4 7  5 6  5 7
8 18  0 3  0 4  0 5  1 3  1 5  1 6  1 7  2 4  2 5  2 6  2 7  3 6  3 7  4 6  4 7  5 6  5 7  6 7
9 15  0 2  0 3  0 7  1 4  1 5  1 8  2 6  2 8  3 6  3 8  4 6  4 7  5 6  5 7  7 8
9 16  0 2  0 3  0 6  1 4  1 5  1 6  2 7  2 8  3 7  3 8  4 7  4 8  5 7  5 8  6 7  6 8
9 16  0 2  0 3  0 8  1 2  1 3  1 8  2 6  3 7  4 5  4 6  4 7  4 8  5 6  5 7  5 8  6 7
9 16  0 3  0 5  0 8  1 3  1 6  1 8  2 3  2 7  2 8  4 5  4 6  4 7  4 8  5 6  5 7  6 7
9 16  0 4  0 5  0 6  1 6  1 7  1 8  2 6  2 7  2 8  3 6  3 7  3 8  4 7  4 8  5 7  5 8
9 16  0 5  0 6  0 7  1 5  1 6  1 8  2 5  2 7  2 8  3 6  3 7  3 8  4 5  4 6  4 7  4 8
9 16  0 6  0 7  0 8  1 3  1 7  1 8  2 3  2 4  2 5  3 6  4 6  4 7  4 8  5 6  5 7  5 8
9 17  0 1  0 2  0 3  1 7  1 8  2 7  2 8  3 4  3 5  4 6  4 7  4 8  5 6  5 7  5 8  6 7  6 8
9 17  0 1  0 2  0 7  1 3  1 8  2 3  2 8  3 7  4 5  4 6  4 7  4 8  5 6  5 7  5 8  6 7  6 8
9 17  0 1  0 2  0 7  1 3  1 8  2 6  2 8  3 6  3 7  4 5  4 6  4 7  4 8  5 6  5 7  5 8  7 8
9 17  0 1  0 2  0 8  1 3  1 7  2 4  2 7  3 4  3 5  4 6  4 8  5 6  5 7  5 8  6 7  6 8  7 8
9 17  0 2  0 7  0 8  1 2  1 7  1 8  2 3  3 4  3 7  4 5  4 6  4 8  5 6  5 7  5 8  6 7  6 8
9 17  0 6  0 7  0 8  1 6  1 7  1 8  2 3  2 6  2 7  3 4  3 5  3 8  4 5  4 6  4 8  5 7  5 8
9 18  0 1  0 2  0 3  1 7  1 8  2 7  2 8  3 7  3 8  4 5  4 6  4 7  4 8  5 6  5 7  5 8  6 7  6 8
9 18  0 1  0 2  0 8  1 3  1 4  2 5  2 6  3 5  3 7  3 8  4 6  4 7  4 8  5 7  5 8  6 7  6 8  7 8
9 18  0 2  0 3  0 4  1 5  1 6  1 7  2 5  2 6  2 8  3 5  3 7  3 8  4 6  4 7  4 8  5 8  6 8  7 8
9 19  0 1  0 2  0 6  0 8  1 2  1 6  1 8  2 6  2 8  3 4  3 5  3 7  3 8  4 5  4 7  4 8  5 7  5 8  6 7
9 19  0 1  0 2  0 7  0 8  1 3  1 6  1 8  2 4  2 6  2 8  3 5  3 7  3 8  4 6  4 7  4 8  5 6  5 7  5 8
9 19  0 1  0 3  0 5  1 4  1 6  2 3  2 4  2 7  2 8  3 7  3 8  4 7  4 8  5 6  5 7  5 8  6 7  6 8  7 8
9 20  0 1  0 2  0 3  0 8  1 2  1 3  1 8  2 3  2 8  3 8  4 5  4 6  4 7  4 8  5 6  5 7  5 8  6 7  6 8  7 8
10 15  0 1  0 2  0 3  1 6  1 9  2 7  2 9  3 8  3 9  4 6  4 7  4 8  5 6  5 7  5 8
10 16  0 1  0 2  0 8  1 7  1 9  2 7  2 9  3 5  3 6  3 9  4 5  4 6  4 9  5 8  6 8  7 8
10 16  0 1  0 4  0 6  1 5  1 7  2 4  2 7  2 9  3 5  3 6  3 8  4 8  5 9  6 9  7 8  8 9
10 16  0 1  0 6  0 7  1 4  1 5  2 3  2 4  2 8  3 5  3 9  4 9  5 8  6 8  6 9  7 8  7 9
10 16  0 2  0 3  0 6  1 4  1 5  1 7  2 4  2 8  3 5  3 8  4 9  5 9  6 8  6 9  7 8  7 9
10 16  0 3  0 4  0 5  1 5  1 6  1 7  2 3  2 4  2 8  3 9  4 9  5 8  6 8  6 9  7 8  7 9
10 17  0 1  0 2  0 3  1 4  1 9  2 6  2 8  3 7  3 8  4 6  4 7  5 6  5 7  5 8  6 9  7 9  8 9
10 17  0 1  0 2  0 8  1 6  1 9  2 7  2 9  3 6  3 7  3 9  4 6  4 7  4 8  5 6  5 7  5 8  8 9
10 17  0 1  0 2  0 9  1 3  1 6  2 4  2 7  3 7  3 8  4 6  4 8  5 6  5 7  5 8  6 9  7 9  8 9
10 17  0 1  0 3  0 4  1 2  1 8  2 5  2 9  3 6  3 7  4 8  4 9  5 6  5 7  6 8  6 9  7 8  7 9
10 17  0 1  0 6  0 9  1 7  1 8  2 6  2 7  2 9  3 6  3 8  3 9  4 6  4 7  4 8  5 7  5 8  5 9
10 17  0 2  0 4  0 5  1 2  1 6  1 7  2 3  3 8  3 9  4 8  4 9  5 8  5 9  6 8  6 9  7 8  7 9
10 17  0 2  0 4  0 5  1 3  1 4  1 5  2 3  2 6  3 7  4 8  5 9  6 7  6 8  6 9  7 8  7 9  8 9
10 17  0 2  0 4  0 5  1 3  1 6  1 7  2 3  2 9  3 8  4 8  4 9  5 8  5 9  6 8  6 9  7 8  7 9
10 17  0 5  0 6  0 7  1 2  1 3  1 8  2 4  2 9  3 4  3 9  4 8  5 8  5 9  6 8  6 9  7 8  7 9
10 17  0 5  0 8  0 9  1 6  1 8  1 9  2 4  2 5  2 9  3 4  3 6  3 9  4 8  5 7  6 7  7 8  7 9
10 17  0 7  0 8  0 9  1 7  1 8  1 9  2 5  2 7  2 9  3 5  3 8  3 9  4 5  4 6  4 9  6 7  6 8
10 17  0 7  0 8  0 9  1 7  1 8  1 9  2 5  2 7  2 9  3 6  3 8  3 9  4 5  4 6  4 9  5 8  6 7
10 17  0 7  0 8  0 9  1 7  1 8  1 9  2 7  2 8  2 9  3 5  3 6  3 9  4 5  4 6  4 9  5 7  6 8
10 18  0 1  0 2  0 8  1 4  1 9  2 5  2 9  3 4  3 5  3 8  4 6  5 7  6 7  6 8  6 9  7 8  7 9  8 9
10 18  0 1  0 2  0 9  1 3  1 6  2 4  2 5  3 5  3 7  4 6  4 8  5 8  5 9  6 7  6 9  7 8  7 9  8 9
10 18  0 1  0 2  0 9  1 3  1 8  2 4  2 8  3 5  3 9  4 5  4 7  5 6  6 7  6 8  6 9  7 8  7 9  8 9
10 18  0 2  0 3  0 4  1 5  1 6  1 7  2 8  2 9  3 8  3 9  4 8  4 9  5 8  5 9  6 8  6 9  7 8  7 9
10 18  0 3  0 4  0 9  1 3  1 4  1 9  2 3  2 4  2 8  5 6  5 7  5 8  5 9  6 7  6 8  6 9  7 8  7 9
10 18  0 3  0 4  0 9  1 3  1 5  1 9  2 4  2 5  2 9  3 6  4 7  5 8  6 7  6 8  6 9  7 8  7 9  8 9
10 18  0 4  0 8  0 9  1 2  1 4  1 9  2 7  2 8  3 4  3 6  3 7  5 6  5 7  5 8  5 9  6 8  6 9  7 9
10 18  0 6  0 8  0 9  1 7  1 8  1 9  2 7  2 8  2 9  3 6  3 8  3 9  4 6  4 7  4 8  5 6  5 7  5 9
10 19  0 3  0 4  0 9  1 3  1 4  1 9  2 3  2 4  2 9  5 6  5 7  5 8  5 9  6 7  6 8  6 9  7 8  7 9  8 9
10 19  0 3  0 8  0 9  1 3  1 8  1 9  2 3  2 8  2 9  4 5  4 6  4 7  4 9  5 6  5 7  5 9  6 7  6 9  7 8
10 20  0 1  0 2  0 3  0 4  1 2  1 3  1 4  2 3  2 4  3 4  5 6  5 7  5 8  5 9  6 7  6 8  6 9  7 8  7 9  8 9
10 20  0 1  0 2  0 3  0 4  1 2  1 6  1 7  2 8  2 9  3 4  3 6  3 8  4 7  4 9  5 6  5 7  5 8  5 9  6 9  7 8
10 20  0 1  0 2  0 3  0 4  1 3  1 4  1 8  2 3  2 4  2 9  3 4  5 6  5 7  5 8  5 9  6 7  6 8  6 9  7 8  7 9
10 21  0 1  0 2  0 3  0 9  1 2  1 3  1 9  2 3  2 9  3 9  4 6  4 7  4 8  4 9  5 6  5 7  5 8  5 9  6 7  6 8  7 8
11 17  0 4  0 9  0 10  1 5  1 8  1 10  2 6  2 9  2 10  3 7  3 8  3 10  4 5  4 6  5 7  6 8  7 9
11 17  0 6  0 7  0 10  1 6  1 7  1 10  2 8  2 9  2 10  3 8  3 9  3 10  4 5  4 6  4 9  5 7  5 8
11 17  0 6  0 9  0 10  1 6  1 9  1 10  2 7  2 8  2 10  3 7  3 8  3 10  4 5  4 6  4 9  5 7  5 8
11 17  0 8  0 9  0 10  1 6  1 9  1 10  2 7  2 9  2 10  3 4  3 5  3 10  4 6  4 8  5 7  5 8  6 7
11 18  0 1  0 2  0 3  1 4  1 8  2 5  2 9  3 6  3 10  4 9  4 10  5 8  5 10  6 8  6 9  7 8  7 9  7 10
11 18  0 1  0 2  0 6  1 4  1 5  2 3  2 8  3 9  3 10  4 8  4 9  5 8  5 10  6 9  6 10  7 8  7 9  7 10
11 18  0 1  0 3  0 4  1 5  1 10  2 3  2 4  2 10  3 8  4 9  5 8  5 9  6 8  6 9  6 10  7 8  7 9  7 10
11 18  0 2  0 4  0 5  1 3  1 4  1 5  2 6  2 10  3 7  3 10  4 8  5 9  6 8  6 9  7 8  7 9  8 10  9 10
11 18  0 2  0 4  0 6  1 3  1 5  1 7  2 5  2 10  3 4  3 10  4 9  5 8  6 8  6 9  7 8  7 9  8 10  9 10
11 18  0 3  0 5  0 7  1 2  1 3  1 6  2 4  2 10  3 10  4 5  4 9  5 8  6 8  6 9  7 8  7 9  8 10  9 10
11 18  0 4  0 6  0 10  1 5  1 7  1 10  2 4  2 7  2 9  3 5  3 6  3 8  4 8  5 9  6 9  7 8  8 10  9 10
11 18  0 5  0 7  0 10  1 6  1 8  1 10  2 5  2 8  2 10  3 6  3 7  3 10  4 5  4 6  4 9  7 9  8 9  9 10
11 18  0 5  0 9  0 10  1 5  1 9  1 10  2 5  2 9  2 10  3 6  3 7  3 10  4 6  4 7  4 10  6 8  7 8  8 9
11 18  0 6  0 7  0 10  1 6  1 7  1 10  2 6  2 7  2 10  3 8  3 9  3 10  4 8  4 9  4 10  5 8  5 9  5 10
11 18  0 6  0 7  0 10  1 6  1 8  1 10  2 7  2 9  2 10  3 6  3 9  3 10  4 7  4 8  4 10  5 8  5 9  5 10
11 18  0 8  0 9  0 10  1 6  1 9  1 10  2 7  2 9  2 10  3 5  3 6  3 10  4 5  4 7  4 10  5 9  6 8  7 8
11 19  0 1  0 2  0 3  1 4  1 5  2 4  2 5  3 4  3 5  6 7  6 8  6 9  6 10  7 8  7 9  7 10  8 9  8 10  9 10
11 19  0 1  0 2  0 5  1 3  1 4  2 6  2 7  3 6  3 8  4 7  4 9  5 8  5 9  6 9  6 10  7 8  7 10  8 10  9 10
11 19  0 2  0 3  0 4  1 2  1 3  1 4  2 5  3 5  4 6  5 7  6 8  6 9  6 10  7 8  7 9  7 10  8 9  8 10  9 10
11 19  0 4  0 6  0 10  1 5  1 6  1 10  2 6  2 8  2 9  3 4  3 5  3 7  4 8  5 9  7 8  7 9  7 10  8 10  9 10
11 20  0 2  0 3  0 10  1 4  1 5  1 10  2 4  2 5  3 4  3 5  6 7  6 8  6 9  6 10  7 8  7 9  7 10  8 9  8 10  9 10
11 20  0 3  0 4  0 10  1 3  1 4  1 10  2 3  2 4  2 10  5 7  5 8  5 9  5 10  6 7  6 8  6 9  6 10  7 8  7 9  8 9
11 20  0 3  0 9  0 10  1 3  1 9  1 10  2 3  2 9  2 10  4 5  4 6  4 7  4 8  5 6  5 7  5 8  6 7  6 8  7 9  8 10
11 22  0 1  0 2  0 3  0 4  1 3  1 4  1 10  2 3  2 4  2 10  3 4  5 7  5 8  5 9  5 10  6 7  6 8  6 9  6 10  7 8  7 9  8 9
12 18  0 1  0 2  0 3  1 10  1 11  2 10  2 11  3 10  3 11  4 5  4 6  4 7  5 8  5 9  6 8  6 9  7 8  7 9
12 18  0 1  0 2  0 3  1 10  1 11  2 10  2 11  3 8  3 9  4 5  4 10  4 11  5 6  5 7  6 8  6 9  7 8  7 9
12 18  0 1  0 2  0 3  1 6  1 10  2 7  2 11  3 8  3 9  4 6  4 9  4 11  5 7  5 8  5 10  6 7  8 11  9 10
12 18  0 1  0 2  0 3  1 6  1 11  2 7  2 9  3 8  3 10  4 7  4 10  4 11  5 8  5 9  5 11  6 7  6 8  9 10
12 18  0 1  0 2  0 3  1 9  1 11  2 10  2 11  3 7  3 8  4 5  4 6  4 7  5 8  5 9  6 8  6 10  7 11  9 10
12 19  0 1  0 2  0 7  1 3  1 8  2 4  2 9  3 5  3 6  4 5  4 6  5 10  6 11  7 10  7 11  8 10  8 11  9 10  9 11
12 19  0 4  0 6  0 8  1 4  1 5  1 7  2 7  2 8  2 9  3 5  3 6  3 9  4 10  5 11  6 11  7 11  8 10  9 10  10 11
12 19  0 5  0 6  0 11  1 7  1 8  1 11  2 9  2 10  2 11  3 9  3 10  3 11  4 9  4 10  4 11  5 7  5 8  6 7  6 8
12 19  0 6  0 7  0 8  1 3  1 4  1 9  2 3  2 5  2 9  3 8  4 6  4 11  5 7  5 11  6 10  7 10  8 11  9 10  10 11
12 19  0 7  0 8  0 11  1 7  1 9  1 11  2 8  2 10  2 11  3 9  3 10  3 11  4 5  4 6  4 11  5 7  5 10  6 8  6 9
12 19  0 7  0 8  0 9  1 3  1 4  1 5  2 3  2 4  2 5  3 6  4 6  5 10  6 11  7 10  7 11  8 10  8 11  9 10  9 11
12 21  0 1  0 2  0 4  1 3  1 5  2 3  2 5  3 4  4 6  5 6  6 7  6 8  7 9  7 10  7 11  8 9  8 10  8 11  9 10  9 11  10 11
13 20  0 4  0 5  0 12  1 6  1 7  1 12  2 8  2 9  2 12  3 10  3 11  3 12  4 10  4 11  5 10  5 11  6 8  6 9  7 8  7 9
13 20  0 4  0 5  0 12  1 8  1 10  1 12  2 9  2 11  2 12  3 6  3 7  3 12  4 8  4 11  5 9  5 10  6 8  6 11  7 9  7 10
